# BENS940101
   A R N D C Q E G H I L K M F P S T W Y V
A  2.50 -1.70 0.00 -0.60 -1.70 -1.70 -0.70 0.80 -2.10 0.10 -1.30 -1.90 -0.20 -3.20 1.10 1.40 1.70 -4.30 -4.00 0.70
R  -1.70 5.10 -0.10 -1.50 -0.40 2.50 -0.40 -0.10 1.80 -3.80 -3.20 4.30 -3.00 -4.90 -1.30 -0.90 -1.30 2.00 -2.60 -3.70
N  0.00 -0.10 3.60 2.50 -1.60 0.10 1.10 -0.10 1.40 -2.50 -3.40 1.00 -2.50 -3.50 -1.10 1.20 0.50 -4.40 -0.90 -2.40
D  -0.60 -1.50 2.50 5.20 -3.70 0.60 4.40 0.80 0.10 -4.20 -5.30 -0.20 -4.30 -5.70 -2.80 -0.40 -1.20 -6.30 -2.30 -3.30
C  -1.70 -0.40 -1.60 -3.70 12.10 -3.20 -4.70 -1.30 -1.20 -3.60 -3.80 -2.80 -3.70 -0.10 -2.70 0.90 -1.50 1.60 2.60 -3.10
Q  -1.70 2.50 0.10 0.60 -3.20 5.30 2.10 -1.60 3.20 -3.80 -2.40 2.50 -3.10 -4.40 0.10 -1.40 -1.70 -2.60 -1.40 -3.50
E  -0.70 -0.40 1.10 4.40 -4.70 2.10 5.20 0.50 -0.20 -4.10 -5.00 0.90 -4.10 -6.70 -2.60 -1.20 -1.60 -5.60 -4.10 -3.00
G  0.80 -0.10 -0.10 0.80 -1.30 -1.60 0.50 5.80 -2.10 -3.40 -4.60 -1.40 -3.70 -5.70 -1.70 0.80 -0.50 -1.70 -4.90 -2.30
H  -2.10 1.80 1.40 0.10 -1.20 3.20 -0.20 -2.10 6.10 -3.70 -2.20 0.90 -3.40 0.10 -0.40 -0.90 -1.70 -2.80 4.40 -3.80
I  0.10 -3.80 -2.50 -4.20 -3.60 -3.80 -4.10 -3.40 -3.70 4.40 2.40 -3.80 4.00 0.00 -2.00 -1.20 0.70 -5.00 -3.30 3.90
L  -1.30 -3.20 -3.40 -5.30 -3.80 -2.40 -5.00 -4.60 -2.20 2.40 4.80 -4.10 2.90 2.40 -0.20 -1.50 -0.40 -3.00 -1.60 1.90
K  -1.90 4.30 1.00 -0.20 -2.80 2.50 0.90 -1.40 0.90 -3.80 -4.10 5.60 -2.90 -6.30 -2.30 -1.20 -1.10 -1.40 -4.00 -3.80
M  -0.20 -3.00 -2.50 -4.30 -3.70 -3.10 -4.10 -3.70 -3.40 4.00 2.90 -2.90 4.80 -0.10 -1.80 -1.30 0.60 -4.40 -3.60 3.30
F  -3.20 -4.90 -3.50 -5.70 -0.10 -4.40 -6.70 -5.70 0.10 0.00 2.40 -6.30 -0.10 8.30 -3.20 -1.80 -2.40 -1.60 5.60 -0.50
P  1.10 -1.30 -1.10 -2.80 -2.70 0.10 -2.60 -1.70 -0.40 -2.00 -0.20 -2.30 -1.80 -3.20 6.50 1.40 0.60 -4.80 -3.80 -1.60
S  1.40 -0.90 1.20 -0.40 0.90 -1.40 -1.20 0.80 -0.90 -1.20 -1.50 -1.20 -1.30 -1.80 1.40 2.10 1.50 -2.90 -1.80 -0.90
T  1.70 -1.30 0.50 -1.20 -1.50 -1.70 -1.60 -0.50 -1.70 0.70 -0.40 -1.10 0.60 -2.40 0.60 1.50 2.40 -2.60 -3.40 0.60
W  -4.30 2.00 -4.40 -6.30 1.60 -2.60 -5.60 -1.70 -2.80 -5.00 -3.00 -1.40 -4.40 -1.60 -4.80 -2.90 -2.60 14.70 -0.30 -4.80
Y  -4.00 -2.60 -0.90 -2.30 2.60 -1.40 -4.10 -4.90 4.40 -3.30 -1.60 -4.00 -3.60 5.60 -3.80 -1.80 -3.40 -0.30 9.50 -3.80
V  0.70 -3.70 -2.40 -3.30 -3.10 -3.50 -3.00 -2.30 -3.80 3.90 1.90 -3.80 3.30 -0.50 -1.60 -0.90 0.60 -4.80 -3.80 4.00
