# BENS940102
   A R N D C Q E G H I L K M F P S T W Y V
A  2.50 -1.20 0.00 -0.20 -1.20 -0.90 -0.30 0.80 -1.60 -0.40 -1.70 -1.00 -0.80 -3.10 0.80 1.30 1.40 -5.50 -3.50 0.40
R  -1.20 5.00 0.40 -1.00 -1.60 2.20 -0.10 -0.70 1.50 -3.20 -2.90 3.90 -2.10 -4.30 -1.20 -0.50 -0.70 -1.10 -2.70 -2.90
N  0.00 0.40 3.30 2.40 -1.90 0.50 1.20 0.40 1.40 -2.70 -3.50 1.00 -2.60 -3.50 -1.10 1.10 0.50 -5.20 -1.20 -2.30
D  -0.20 -1.00 2.40 4.80 -3.70 0.60 3.90 0.70 0.30 -4.00 -4.90 0.20 -3.90 -5.40 -1.80 0.10 -0.70 -6.40 -3.00 -3.00
C  -1.20 -1.60 -1.90 -3.70 12.60 -3.30 -4.30 -1.70 -1.50 -2.40 -2.60 -3.30 -2.50 -0.10 -3.10 0.30 -1.10 0.50 0.60 -1.70
Q  -0.90 2.20 0.50 0.60 -3.30 4.20 1.70 -1.40 2.40 -2.70 -2.00 2.20 -1.70 -3.60 -0.10 -0.60 -0.70 -3.30 -1.90 -2.40
E  -0.30 -0.10 1.20 3.90 -4.30 1.70 4.60 0.50 -0.20 -3.60 -4.40 1.00 -3.40 -5.70 -1.70 -0.50 -0.90 -6.30 -4.00 -2.70
G  0.80 -0.70 0.40 0.70 -1.70 -1.40 0.50 6.20 -2.00 -3.80 -4.90 -1.00 -3.80 -5.80 -1.80 0.60 -0.70 -4.50 -4.80 -2.50
H  -1.60 1.50 1.40 0.30 -1.50 2.40 -0.20 -2.00 6.10 -3.20 -2.10 0.80 -2.40 0.30 -0.40 -0.50 -1.10 -2.70 3.70 -3.00
I  -0.40 -3.20 -2.70 -4.00 -2.40 -2.70 -3.60 -3.80 -3.20 4.20 2.70 -3.00 3.10 0.50 -2.30 -1.40 0.30 -4.40 -2.20 3.60
L  -1.70 -2.90 -3.50 -4.90 -2.60 -2.00 -4.40 -4.90 -2.10 2.70 4.60 -3.30 3.20 2.20 -1.30 -2.10 -1.00 -1.80 -0.70 2.00
K  -1.00 3.90 1.00 0.20 -3.30 2.20 1.00 -1.00 0.80 -3.00 -3.30 4.40 -2.00 -5.10 -1.60 -0.40 -0.40 -3.70 -3.60 -2.70
M  -0.80 -2.10 -2.60 -3.90 -2.50 -1.70 -3.40 -3.80 -2.40 3.10 3.20 -2.00 4.90 0.70 -2.00 -1.50 0.10 -2.80 -1.80 2.50
F  -3.10 -4.30 -3.50 -5.40 -0.10 -3.60 -5.70 -5.80 0.30 0.50 2.20 -5.10 0.70 7.70 -3.40 -2.20 -2.60 0.50 5.90 -0.10
P  0.80 -1.20 -1.10 -1.80 -3.10 -0.10 -1.70 -1.80 -0.40 -2.30 -1.30 -1.60 -2.00 -3.40 7.00 1.10 0.40 -5.80 -3.50 -1.70
S  1.30 -0.50 1.10 0.10 0.30 -0.60 -0.50 0.60 -0.50 -1.40 -2.10 -0.40 -1.50 -2.20 1.10 2.00 1.50 -3.90 -1.90 -0.90
T  1.40 -0.70 0.50 -0.70 -1.10 -0.70 -0.90 -0.70 -1.10 0.30 -1.00 -0.40 0.10 -2.60 0.40 1.50 2.50 -4.50 -3.00 0.40
W  -5.50 -1.10 -5.20 -6.40 0.50 -3.30 -6.30 -4.50 -2.70 -4.40 -1.80 -3.70 -2.80 0.50 -5.80 -3.90 -4.50 15.70 1.50 -4.50
Y  -3.50 -2.70 -1.20 -3.00 0.60 -1.90 -4.00 -4.80 3.70 -2.20 -0.70 -3.60 -1.80 5.90 -3.50 -1.90 -3.00 1.50 9.00 -2.60
V  0.40 -2.90 -2.30 -3.00 -1.70 -2.40 -2.70 -2.50 -3.00 3.60 2.00 -2.70 2.50 -0.10 -1.70 -0.90 0.40 -4.50 -2.60 3.70
