# GONG920101
   A R N D C Q E G H I L K M F P S T W Y V
A  2.40 -0.60 -0.30 -0.30 0.50 -0.20 0.00 0.50 -0.80 -0.80 -1.20 -0.40 -0.70 -2.30 0.30 1.10 0.60 -3.60 -2.20 0.10
R  -0.60 4.70 0.30 -0.30 -2.20 1.50 0.40 -1.00 0.60 -2.40 -2.20 2.70 -1.70 -3.20 -0.90 -0.20 -0.20 -1.60 -1.80 -2.00
N  -0.30 0.30 3.80 2.20 -1.80 0.70 0.90 0.40 1.20 -2.80 -3.00 0.80 -2.20 -3.10 -0.90 0.90 0.50 -3.60 -1.40 -2.20
D  -0.30 -0.30 2.20 4.70 -3.20 0.90 2.70 0.10 0.40 -3.80 -4.00 0.50 -3.00 -4.50 -0.70 0.50 0.00 -5.20 -2.80 -2.90
C  0.50 -2.20 -1.80 -3.20 11.50 -2.40 -3.00 -2.00 -1.30 -1.10 -1.50 -2.80 -0.90 -0.80 -3.10 0.10 -0.50 -1.00 -0.50 0.00
Q  -0.20 1.50 0.70 0.90 -2.40 2.70 1.70 -1.00 1.20 -1.90 -1.60 1.50 -1.00 -2.60 -0.20 0.20 0.00 -2.70 -1.70 -1.50
E  0.00 0.40 0.90 2.70 -3.00 1.70 3.60 -0.80 0.40 -2.70 -2.80 1.20 -2.00 -3.90 -0.50 0.20 -0.10 -4.30 -2.70 -1.90
G  0.50 -1.00 0.40 0.10 -2.00 -1.00 -0.80 6.60 -1.40 -4.50 -4.40 -1.10 -3.50 -5.20 -1.60 0.40 -1.10 -4.00 -4.00 -3.30
H  -0.80 0.60 1.20 0.40 -1.30 1.20 0.40 -1.40 6.00 -2.20 -1.90 0.60 -1.30 -0.10 -1.10 -0.20 -0.30 -0.80 2.20 -2.00
I  -0.80 -2.40 -2.80 -3.80 -1.10 -1.90 -2.70 -4.50 -2.20 4.00 2.80 -2.10 2.50 1.00 -2.60 -1.80 -0.60 -1.80 -0.70 3.10
L  -1.20 -2.20 -3.00 -4.00 -1.50 -1.60 -2.80 -4.40 -1.90 2.80 4.00 -2.10 2.80 2.00 -2.30 -2.10 -1.30 -0.70 0.00 1.80
K  -0.40 2.70 0.80 0.50 -2.80 1.50 1.20 -1.10 0.60 -2.10 -2.10 3.20 -1.40 -3.30 -0.60 0.10 0.10 -3.50 -2.10 -1.70
M  -0.70 -1.70 -2.20 -3.00 -0.90 -1.00 -2.00 -3.50 -1.30 2.50 2.80 -1.40 4.30 1.60 -2.40 -1.40 -0.60 -1.00 -0.20 1.60
F  -2.30 -3.20 -3.10 -4.50 -0.80 -2.60 -3.90 -5.20 -0.10 1.00 2.00 -3.30 1.60 7.00 -3.80 -2.80 -2.20 3.60 5.10 0.10
P  0.30 -0.90 -0.90 -0.70 -3.10 -0.20 -0.50 -1.60 -1.10 -2.60 -2.30 -0.60 -2.40 -3.80 7.60 0.40 0.10 -5.00 -3.10 -1.80
S  1.10 -0.20 0.90 0.50 0.10 0.20 0.20 0.40 -0.20 -1.80 -2.10 0.10 -1.40 -2.80 0.40 2.20 1.50 -3.30 -1.90 -1.00
T  0.60 -0.20 0.50 0.00 -0.50 0.00 -0.10 -1.10 -0.30 -0.60 -1.30 0.10 -0.60 -2.20 0.10 1.50 2.50 -3.50 -1.90 0.00
W  -3.60 -1.60 -3.60 -5.20 -1.00 -2.70 -4.30 -4.00 -0.80 -1.80 -0.70 -3.50 -1.00 3.60 -5.00 -3.30 -3.50 14.20 4.10 -2.60
Y  -2.20 -1.80 -1.40 -2.80 -0.50 -1.70 -2.70 -4.00 2.20 -0.70 0.00 -2.10 -0.20 5.10 -3.10 -1.90 -1.90 4.10 7.80 -1.10
V  0.10 -2.00 -2.20 -2.90 0.00 -1.50 -1.90 -3.30 -2.00 3.10 1.80 -1.70 1.60 0.10 -1.80 -1.00 0.00 -2.60 -1.10 3.40
