# GRAR740104
   A R N D C Q E G H I L K M F P S T W Y V
A  0.00 112.00 111.00 126.00 195.00 91.00 107.00 60.00 86.00 94.00 96.00 106.00 84.00 113.00 27.00 99.00 58.00 148.00 112.00 64.00
R  112.00 0.00 86.00 96.00 180.00 43.00 54.00 125.00 29.00 97.00 102.00 26.00 91.00 97.00 103.00 110.00 71.00 101.00 77.00 96.00
N  111.00 86.00 0.00 23.00 139.00 46.00 42.00 80.00 68.00 149.00 153.00 94.00 142.00 158.00 91.00 46.00 65.00 174.00 143.00 133.00
D  126.00 96.00 23.00 0.00 154.00 61.00 45.00 94.00 81.00 168.00 172.00 101.00 160.00 177.00 108.00 65.00 85.00 181.00 160.00 152.00
C  195.00 180.00 139.00 154.00 0.00 154.00 170.00 159.00 174.00 198.00 198.00 202.00 196.00 205.00 169.00 112.00 149.00 215.00 194.00 192.00
Q  91.00 43.00 46.00 61.00 154.00 0.00 29.00 87.00 24.00 109.00 113.00 53.00 101.00 116.00 76.00 68.00 42.00 130.00 99.00 96.00
E  107.00 54.00 42.00 45.00 170.00 29.00 0.00 98.00 40.00 134.00 138.00 56.00 126.00 140.00 93.00 80.00 65.00 152.00 122.00 121.00
G  60.00 125.00 80.00 94.00 159.00 87.00 98.00 0.00 98.00 135.00 138.00 127.00 127.00 153.00 42.00 56.00 59.00 184.00 147.00 109.00
H  86.00 29.00 68.00 81.00 174.00 24.00 40.00 98.00 0.00 94.00 99.00 32.00 87.00 100.00 77.00 89.00 47.00 115.00 83.00 84.00
I  94.00 97.00 149.00 168.00 198.00 109.00 134.00 135.00 94.00 0.00 5.00 102.00 10.00 21.00 95.00 142.00 89.00 61.00 33.00 29.00
L  96.00 102.00 153.00 172.00 198.00 113.00 138.00 138.00 99.00 5.00 0.00 107.00 15.00 22.00 98.00 145.00 92.00 61.00 36.00 32.00
K  106.00 26.00 94.00 101.00 202.00 53.00 56.00 127.00 32.00 102.00 107.00 0.00 95.00 102.00 103.00 121.00 78.00 110.00 85.00 97.00
M  84.00 91.00 142.00 160.00 196.00 101.00 126.00 127.00 87.00 10.00 15.00 95.00 0.00 28.00 87.00 135.00 81.00 67.00 36.00 21.00
F  113.00 97.00 158.00 177.00 205.00 116.00 140.00 153.00 100.00 21.00 22.00 102.00 28.00 0.00 114.00 155.00 103.00 40.00 22.00 50.00
P  27.00 103.00 91.00 108.00 169.00 76.00 93.00 42.00 77.00 95.00 98.00 103.00 87.00 114.00 0.00 74.00 38.00 147.00 110.00 68.00
S  99.00 110.00 46.00 65.00 112.00 68.00 80.00 56.00 89.00 142.00 145.00 121.00 135.00 155.00 74.00 0.00 58.00 177.00 144.00 124.00
T  58.00 71.00 65.00 85.00 149.00 42.00 65.00 59.00 47.00 89.00 92.00 78.00 81.00 103.00 38.00 58.00 0.00 128.00 92.00 69.00
W  148.00 101.00 174.00 181.00 215.00 130.00 152.00 184.00 115.00 61.00 61.00 110.00 67.00 40.00 147.00 177.00 128.00 0.00 37.00 88.00
Y  112.00 77.00 143.00 160.00 194.00 99.00 122.00 147.00 83.00 33.00 36.00 85.00 36.00 22.00 110.00 144.00 92.00 37.00 0.00 55.00
V  64.00 96.00 133.00 152.00 192.00 96.00 121.00 109.00 84.00 29.00 32.00 97.00 21.00 50.00 68.00 124.00 69.00 88.00 55.00 0.00
