# JOHM930101
   A R N D C Q E G H I L K M F P S T W Y V
A  6.00 -1.60 -1.40 -1.60 -3.40 -0.60 -0.70 -0.50 -3.10 -2.20 -3.30 -0.90 -1.50 -3.20 -1.00 0.00 -0.80 -5.80 -4.00 -0.50
R  -1.60 10.00 -1.50 -3.40 -5.60 2.10 -0.20 -2.80 0.10 -5.40 -3.70 3.20 -4.20 -6.00 -3.60 -0.60 -1.40 -3.80 -2.10 -4.90
N  -1.40 -1.50 8.00 2.60 -7.60 -0.80 -0.70 -1.40 1.70 -4.70 -4.80 0.10 -3.70 -3.80 -2.40 1.00 0.10 -6.10 -1.30 -5.70
D  -1.60 -3.40 2.60 8.50 -9.70 -1.10 2.40 -2.10 -0.70 -4.80 -8.00 -1.50 -5.90 -7.00 -1.00 -0.20 -1.80 -6.00 -3.80 -5.20
C  -3.40 -5.60 -7.60 -9.70 16.10 -6.90 -6.90 -8.20 -8.20 -7.70 -8.70 -8.70 -4.40 -4.40 -8.90 -7.70 -6.00 -9.10 -7.70 -4.80
Q  -0.60 2.10 -0.80 -1.10 -6.90 9.00 2.40 -2.80 1.40 -7.00 -4.40 1.10 -0.60 -6.40 -3.60 -1.20 -0.40 -8.20 -5.10 -3.60
E  -0.70 -0.20 -0.70 2.40 -6.90 2.40 8.60 -2.50 -2.30 -4.80 -5.60 1.10 -2.80 -6.40 -1.50 -2.20 -0.50 -7.60 -3.70 -4.20
G  -0.50 -2.80 -1.40 -2.10 -8.20 -2.80 -2.50 8.00 -3.20 -5.50 -7.20 -3.50 -5.20 -8.60 -2.50 -1.30 -3.80 -6.30 -5.40 -5.60
H  -3.10 0.10 1.70 -0.70 -8.20 1.40 -2.30 -3.20 12.70 -5.10 -4.20 0.10 -2.30 -1.70 -4.30 -2.60 -3.00 -4.00 -0.40 -3.90
I  -2.20 -5.40 -4.70 -4.80 -7.70 -7.00 -4.80 -5.50 -5.10 8.10 2.60 -4.70 2.60 0.50 -5.70 -4.70 -3.20 -3.30 -2.50 3.90
L  -3.30 -3.70 -4.80 -8.00 -8.70 -4.40 -5.60 -7.20 -4.20 2.60 7.30 -3.40 4.40 1.80 -2.80 -5.20 -4.60 -1.00 -2.40 1.80
K  -0.90 3.20 0.10 -1.50 -8.70 1.10 1.10 -3.50 0.10 -4.70 -3.40 7.60 -1.90 -5.60 -0.60 -1.50 -0.20 -5.40 -3.70 -3.70
M  -1.50 -4.20 -3.70 -5.90 -4.40 -0.60 -2.80 -5.20 -2.30 2.60 4.40 -1.90 11.20 -0.60 -9.80 -4.80 -3.20 -0.90 -1.30 0.70
F  -3.20 -6.00 -3.80 -7.00 -4.40 -6.40 -6.40 -8.60 -1.70 0.50 1.80 -5.60 -0.60 10.40 -5.00 -4.80 -5.00 3.40 3.40 -1.30
P  -1.00 -3.60 -2.40 -1.00 -8.90 -3.60 -1.50 -2.50 -4.30 -5.70 -2.80 -0.60 -9.80 -5.00 10.30 -1.00 -2.00 -7.40 -7.00 -5.20
S  0.00 -0.60 1.00 -0.20 -7.70 -1.20 -2.20 -1.30 -2.60 -4.70 -5.20 -1.50 -4.80 -4.80 -1.00 5.80 2.00 -6.20 -3.40 -4.30
T  -0.80 -1.40 0.10 -1.80 -6.00 -0.40 -0.50 -3.80 -3.00 -3.20 -4.60 -0.20 -3.20 -5.00 -2.00 2.00 6.80 -9.30 -2.70 -1.90
W  -5.80 -3.80 -6.10 -6.00 -9.10 -8.20 -7.60 -6.30 -4.00 -3.30 -1.00 -5.40 -0.90 3.40 -7.40 -6.20 -9.30 15.20 2.30 -4.90
Y  -4.00 -2.10 -1.30 -3.80 -7.70 -5.10 -3.70 -5.40 -0.40 -2.50 -2.40 -3.70 -1.30 3.40 -7.00 -3.40 -2.70 2.30 10.50 -1.80
V  -0.50 -4.90 -5.70 -5.20 -4.80 -3.60 -4.20 -5.60 -3.90 3.90 1.80 -3.70 0.70 -1.30 -5.20 -4.30 -1.90 -4.90 -1.80 7.00
