# KANM000101
   A R N D C Q E G H I L K M F P S T W Y V
A  36.00 -9.00 -19.00 -20.00 6.00 -3.00 -10.00 4.00 -19.00 -5.00 -7.00 -10.00 -9.00 -19.00 -5.00 12.00 0.00 -29.00 -19.00 6.00
R  -9.00 56.00 4.00 -18.00 -29.00 12.00 3.00 -18.00 3.00 -28.00 -20.00 31.00 -10.00 -30.00 -18.00 -11.00 -8.00 -29.00 -15.00 -32.00
N  -19.00 4.00 59.00 18.00 -30.00 2.00 3.00 7.00 12.00 -32.00 -32.00 1.00 -19.00 -29.00 -17.00 10.00 0.00 -39.00 -19.00 -31.00
D  -20.00 -18.00 18.00 65.00 -30.00 2.00 20.00 -10.00 -7.00 -34.00 -43.00 -4.00 -30.00 -33.00 -7.00 4.00 -10.00 -40.00 -20.00 -31.00
C  6.00 -29.00 -30.00 -30.00 99.00 -30.00 -39.00 -29.00 -29.00 -6.00 -6.00 -29.00 -8.00 -18.00 -30.00 -10.00 -7.00 -18.00 -18.00 -6.00
Q  -3.00 12.00 2.00 2.00 -30.00 46.00 19.00 -20.00 3.00 -30.00 -23.00 15.00 1.00 -29.00 -11.00 0.00 -7.00 -19.00 -9.00 -19.00
E  -10.00 3.00 3.00 20.00 -39.00 19.00 40.00 -23.00 2.00 -33.00 -31.00 14.00 -21.00 -32.00 -7.00 -1.00 -6.00 -29.00 -21.00 -28.00
G  4.00 -18.00 7.00 -10.00 -29.00 -20.00 -23.00 67.00 -18.00 -41.00 -42.00 -18.00 -30.00 -32.00 -18.00 2.00 -17.00 -19.00 -29.00 -30.00
H  -19.00 3.00 12.00 -7.00 -29.00 3.00 2.00 -18.00 86.00 -28.00 -27.00 -7.00 -19.00 -8.00 -18.00 -9.00 -20.00 -18.00 20.00 -29.00
I  -5.00 -28.00 -32.00 -34.00 -6.00 -30.00 -33.00 -41.00 -28.00 35.00 28.00 -31.00 12.00 8.00 -30.00 -20.00 -8.00 -28.00 -8.00 35.00
L  -7.00 -20.00 -32.00 -43.00 -6.00 -23.00 -31.00 -42.00 -27.00 28.00 32.00 -21.00 24.00 17.00 -33.00 -22.00 -13.00 -15.00 -2.00 18.00
K  -10.00 31.00 1.00 -4.00 -29.00 15.00 14.00 -18.00 -7.00 -31.00 -21.00 37.00 -12.00 -29.00 -10.00 3.00 -8.00 -30.00 -17.00 -23.00
M  -9.00 -10.00 -19.00 -30.00 -8.00 1.00 -21.00 -30.00 -19.00 12.00 24.00 -12.00 51.00 2.00 -21.00 -10.00 -7.00 -8.00 -9.00 10.00
F  -19.00 -30.00 -29.00 -33.00 -18.00 -29.00 -32.00 -32.00 -8.00 8.00 17.00 -29.00 2.00 57.00 -39.00 -19.00 -18.00 14.00 37.00 0.00
P  -5.00 -18.00 -17.00 -7.00 -30.00 -11.00 -7.00 -18.00 -18.00 -30.00 -33.00 -10.00 -21.00 -39.00 74.00 -8.00 -11.00 -38.00 -28.00 -18.00
S  12.00 -11.00 10.00 4.00 -10.00 0.00 -1.00 2.00 -9.00 -20.00 -22.00 3.00 -10.00 -19.00 -8.00 36.00 18.00 -29.00 -19.00 -22.00
T  0.00 -8.00 0.00 -10.00 -7.00 -7.00 -6.00 -17.00 -20.00 -8.00 -13.00 -8.00 -7.00 -18.00 -11.00 18.00 48.00 -19.00 -17.00 6.00
W  -29.00 -29.00 -39.00 -40.00 -18.00 -19.00 -29.00 -19.00 -18.00 -28.00 -15.00 -30.00 -8.00 14.00 -38.00 -29.00 -19.00 110.00 22.00 -28.00
Y  -19.00 -15.00 -19.00 -20.00 -18.00 -9.00 -21.00 -29.00 20.00 -8.00 -2.00 -17.00 -9.00 37.00 -28.00 -19.00 -17.00 22.00 69.00 -9.00
V  6.00 -32.00 -31.00 -31.00 -6.00 -19.00 -28.00 -30.00 -29.00 35.00 18.00 -23.00 10.00 0.00 -18.00 -22.00 6.00 -28.00 -9.00 38.00
