# LUTR910101
   A R N D C Q E G H I L K M F P S T W Y V
A  11.00 0.00 2.00 1.00 -5.00 2.00 3.00 -5.00 -4.00 1.00 1.00 -1.00 1.00 -13.00 1.00 4.00 3.00 -6.00 -6.00 3.00
R  0.00 32.00 2.00 -2.00 -6.00 6.00 2.00 -7.00 -1.00 -4.00 -4.00 6.00 0.00 -14.00 -9.00 1.00 -1.00 3.00 -3.00 -3.00
N  2.00 2.00 11.00 4.00 -7.00 3.00 2.00 -4.00 2.00 -3.00 -4.00 -1.00 -1.00 -11.00 -8.00 3.00 2.00 -6.00 -4.00 -3.00
D  1.00 -2.00 4.00 29.00 -13.00 2.00 6.00 -7.00 -5.00 -7.00 -10.00 -2.00 -7.00 -15.00 -9.00 2.00 -2.00 -10.00 -10.00 -7.00
C  -5.00 -6.00 -7.00 -13.00 109.00 -10.00 -12.00 -15.00 -23.00 -13.00 -1.00 -16.00 -3.00 -12.00 -28.00 -10.00 -7.00 -3.00 3.00 -7.00
Q  2.00 6.00 3.00 2.00 -10.00 16.00 5.00 -8.00 2.00 -3.00 -2.00 5.00 0.00 -15.00 -6.00 2.00 1.00 -13.00 -9.00 -2.00
E  3.00 2.00 2.00 6.00 -12.00 5.00 15.00 -6.00 -3.00 -3.00 -4.00 3.00 -4.00 -18.00 -3.00 2.00 1.00 -14.00 -10.00 -2.00
G  -5.00 -7.00 -4.00 -7.00 -15.00 -8.00 -6.00 39.00 -13.00 -16.00 -17.00 -15.00 -11.00 -24.00 -19.00 -6.00 -12.00 -12.00 -16.00 -12.00
H  -4.00 -1.00 2.00 -5.00 -23.00 2.00 -3.00 -13.00 54.00 -10.00 -6.00 -8.00 -3.00 -6.00 -12.00 -4.00 -5.00 -3.00 2.00 -9.00
I  1.00 -4.00 -3.00 -7.00 -13.00 -3.00 -3.00 -16.00 -10.00 50.00 19.00 -10.00 20.00 7.00 -11.00 -5.00 0.00 1.00 -3.00 24.00
L  1.00 -4.00 -4.00 -10.00 -1.00 -2.00 -4.00 -17.00 -6.00 19.00 45.00 -11.00 24.00 11.00 -10.00 -5.00 -4.00 1.00 2.00 13.00
K  -1.00 6.00 -1.00 -2.00 -16.00 5.00 3.00 -15.00 -8.00 -10.00 -11.00 39.00 -8.00 -26.00 -9.00 -1.00 -3.00 -19.00 -16.00 -9.00
M  1.00 0.00 -1.00 -7.00 -3.00 0.00 -4.00 -11.00 -3.00 20.00 24.00 -8.00 40.00 13.00 -11.00 -4.00 -2.00 9.00 4.00 14.00
F  -13.00 -14.00 -11.00 -15.00 -12.00 -15.00 -18.00 -24.00 -6.00 7.00 11.00 -26.00 13.00 85.00 -24.00 -14.00 -13.00 10.00 22.00 0.00
P  1.00 -9.00 -8.00 -9.00 -28.00 -6.00 -3.00 -19.00 -12.00 -11.00 -10.00 -9.00 -11.00 -24.00 55.00 -3.00 -6.00 -11.00 -17.00 -8.00
S  4.00 1.00 3.00 2.00 -10.00 2.00 2.00 -6.00 -4.00 -5.00 -5.00 -1.00 -4.00 -14.00 -3.00 17.00 4.00 -7.00 -6.00 -4.00
T  3.00 -1.00 2.00 -2.00 -7.00 1.00 1.00 -12.00 -5.00 0.00 -4.00 -3.00 -2.00 -13.00 -6.00 4.00 30.00 -14.00 -9.00 -1.00
W  -6.00 3.00 -6.00 -10.00 -3.00 -13.00 -14.00 -12.00 -3.00 1.00 1.00 -19.00 9.00 10.00 -11.00 -7.00 -14.00 124.00 29.00 -1.00
Y  -6.00 -3.00 -4.00 -10.00 3.00 -9.00 -10.00 -16.00 2.00 -3.00 2.00 -16.00 4.00 22.00 -17.00 -6.00 -9.00 29.00 64.00 -2.00
V  3.00 -3.00 -3.00 -7.00 -7.00 -2.00 -2.00 -12.00 -9.00 24.00 13.00 -9.00 14.00 0.00 -8.00 -4.00 -1.00 -1.00 -2.00 39.00
