# LUTR910103
   A R N D C Q E G H I L K M F P S T W Y V
A  24.00 -2.00 -1.00 -2.00 2.00 -1.00 -2.00 1.00 -5.00 -5.00 -18.00 -10.00 -3.00 -20.00 -2.00 1.00 1.00 -20.00 -21.00 -5.00
R  -2.00 18.00 2.00 0.00 2.00 2.00 -1.00 2.00 0.00 -3.00 -7.00 5.00 0.00 -18.00 -2.00 2.00 2.00 -8.00 -10.00 -3.00
N  -1.00 2.00 16.00 4.00 1.00 2.00 1.00 4.00 3.00 -6.00 -12.00 -2.00 -5.00 -18.00 -2.00 4.00 3.00 -18.00 -10.00 -6.00
D  -2.00 0.00 4.00 23.00 -1.00 3.00 6.00 2.00 1.00 -9.00 -18.00 -4.00 -7.00 -18.00 1.00 3.00 1.00 -12.00 -14.00 -4.00
C  2.00 2.00 1.00 -1.00 9.00 2.00 -3.00 4.00 0.00 4.00 -3.00 -4.00 4.00 4.00 -1.00 5.00 4.00 16.00 -7.00 5.00
Q  -1.00 2.00 2.00 3.00 2.00 13.00 3.00 2.00 2.00 -4.00 -13.00 -1.00 0.00 -13.00 1.00 2.00 2.00 -3.00 -12.00 -5.00
E  -2.00 -1.00 1.00 6.00 -3.00 3.00 24.00 1.00 -1.00 -10.00 -16.00 -4.00 -5.00 -24.00 -1.00 1.00 0.00 -16.00 -21.00 -6.00
G  1.00 2.00 4.00 2.00 4.00 2.00 1.00 29.00 0.00 -5.00 -15.00 -4.00 -5.00 -21.00 0.00 5.00 3.00 -21.00 -14.00 -5.00
H  -5.00 0.00 3.00 1.00 0.00 2.00 -1.00 0.00 43.00 -4.00 -12.00 -6.00 -5.00 -9.00 -7.00 0.00 1.00 7.00 -1.00 -8.00
I  -5.00 -3.00 -6.00 -9.00 4.00 -4.00 -10.00 -5.00 -4.00 41.00 13.00 -11.00 17.00 10.00 -8.00 -4.00 3.00 -14.00 -14.00 18.00
L  -18.00 -7.00 -12.00 -18.00 -3.00 -13.00 -16.00 -15.00 -12.00 13.00 54.00 -21.00 13.00 12.00 -24.00 -12.00 -6.00 -3.00 -13.00 -1.00
K  -10.00 5.00 -2.00 -4.00 -4.00 -1.00 -4.00 -4.00 -6.00 -11.00 -21.00 32.00 -7.00 -30.00 -8.00 -3.00 -3.00 -31.00 -25.00 -11.00
M  -3.00 0.00 -5.00 -7.00 4.00 0.00 -5.00 -5.00 -5.00 17.00 13.00 -7.00 44.00 13.00 -10.00 -3.00 2.00 -14.00 -19.00 7.00
F  -20.00 -18.00 -18.00 -18.00 4.00 -13.00 -24.00 -21.00 -9.00 10.00 12.00 -30.00 13.00 99.00 -32.00 -18.00 -16.00 36.00 40.00 -11.00
P  -2.00 -2.00 -2.00 1.00 -1.00 1.00 -1.00 0.00 -7.00 -8.00 -24.00 -8.00 -10.00 -32.00 67.00 1.00 -3.00 -29.00 -17.00 -6.00
S  1.00 2.00 4.00 3.00 5.00 2.00 1.00 5.00 0.00 -4.00 -12.00 -3.00 -3.00 -18.00 1.00 17.00 4.00 -19.00 -16.00 -2.00
T  1.00 2.00 3.00 1.00 4.00 2.00 0.00 3.00 1.00 3.00 -6.00 -3.00 2.00 -16.00 -3.00 4.00 16.00 -2.00 -15.00 3.00
W  -20.00 -8.00 -18.00 -12.00 16.00 -3.00 -16.00 -21.00 7.00 -14.00 -3.00 -31.00 -14.00 36.00 -29.00 -19.00 -2.00 170.00 47.00 -9.00
Y  -21.00 -10.00 -10.00 -14.00 -7.00 -12.00 -21.00 -14.00 -1.00 -14.00 -13.00 -25.00 -19.00 40.00 -17.00 -16.00 -15.00 47.00 105.00 -18.00
V  -5.00 -3.00 -6.00 -4.00 5.00 -5.00 -6.00 -5.00 -8.00 18.00 -1.00 -11.00 7.00 -11.00 -6.00 -2.00 3.00 -9.00 -18.00 44.00
