# LUTR910109
   A R N D C Q E G H I L K M F P S T W Y V
A  23.00 -2.00 1.00 -1.00 -5.00 0.00 0.00 12.00 -4.00 -7.00 -7.00 -3.00 1.00 -9.00 5.00 7.00 4.00 -17.00 -5.00 -5.00
R  -2.00 40.00 4.00 2.00 -19.00 9.00 2.00 2.00 2.00 -9.00 -10.00 14.00 2.00 -11.00 -6.00 1.00 6.00 -5.00 -5.00 -7.00
N  1.00 4.00 15.00 13.00 -5.00 7.00 8.00 0.00 13.00 -12.00 -13.00 7.00 -2.00 -9.00 2.00 6.00 2.00 -22.00 4.00 -12.00
D  -1.00 2.00 13.00 49.00 -16.00 9.00 17.00 1.00 17.00 -17.00 -22.00 8.00 -5.00 -21.00 -7.00 8.00 2.00 -32.00 -5.00 -18.00
C  -5.00 -19.00 -5.00 -16.00 97.00 -11.00 -21.00 -18.00 -12.00 -30.00 -34.00 -23.00 -28.00 -31.00 -12.00 -10.00 -18.00 -53.00 -19.00 -27.00
Q  0.00 9.00 7.00 9.00 -11.00 31.00 11.00 4.00 8.00 -13.00 -12.00 12.00 -3.00 -12.00 -2.00 2.00 4.00 -26.00 -4.00 -11.00
E  0.00 2.00 8.00 17.00 -21.00 11.00 31.00 6.00 5.00 -13.00 -14.00 10.00 -3.00 -13.00 -13.00 5.00 4.00 -29.00 -3.00 -12.00
G  12.00 2.00 0.00 1.00 -18.00 4.00 6.00 54.00 -5.00 -11.00 -15.00 0.00 2.00 -15.00 -13.00 8.00 3.00 -33.00 -13.00 -12.00
H  -4.00 2.00 13.00 17.00 -12.00 8.00 5.00 -5.00 55.00 -15.00 -13.00 -1.00 -3.00 3.00 -10.00 3.00 -4.00 7.00 21.00 -18.00
I  -7.00 -9.00 -12.00 -17.00 -30.00 -13.00 -13.00 -11.00 -15.00 28.00 13.00 -14.00 8.00 -3.00 -1.00 -13.00 -7.00 -12.00 -15.00 11.00
L  -7.00 -10.00 -13.00 -22.00 -34.00 -12.00 -14.00 -15.00 -13.00 13.00 34.00 -13.00 8.00 1.00 -1.00 -15.00 -12.00 -15.00 -7.00 8.00
K  -3.00 14.00 7.00 8.00 -23.00 12.00 10.00 0.00 -1.00 -14.00 -13.00 34.00 -4.00 -14.00 -14.00 4.00 4.00 -15.00 -5.00 -10.00
M  1.00 2.00 -2.00 -5.00 -28.00 -3.00 -3.00 2.00 -3.00 8.00 8.00 -4.00 25.00 -1.00 0.00 -3.00 2.00 -20.00 -3.00 2.00
F  -9.00 -11.00 -9.00 -21.00 -31.00 -12.00 -13.00 -15.00 3.00 -3.00 1.00 -14.00 -1.00 57.00 -4.00 -14.00 -13.00 16.00 20.00 -9.00
P  5.00 -6.00 2.00 -7.00 -12.00 -2.00 -13.00 -13.00 -10.00 -1.00 -1.00 -14.00 0.00 -4.00 78.00 -4.00 -3.00 -28.00 -1.00 -4.00
S  7.00 1.00 6.00 8.00 -10.00 2.00 5.00 8.00 3.00 -13.00 -15.00 4.00 -3.00 -14.00 -4.00 26.00 8.00 -19.00 -3.00 -10.00
T  4.00 6.00 2.00 2.00 -18.00 4.00 4.00 3.00 -4.00 -7.00 -12.00 4.00 2.00 -13.00 -3.00 8.00 21.00 -20.00 -8.00 -4.00
W  -17.00 -5.00 -22.00 -32.00 -53.00 -26.00 -29.00 -33.00 7.00 -12.00 -15.00 -15.00 -20.00 16.00 -28.00 -19.00 -20.00 133.00 13.00 -17.00
Y  -5.00 -5.00 4.00 -5.00 -19.00 -4.00 -3.00 -13.00 21.00 -15.00 -7.00 -5.00 -3.00 20.00 -1.00 -3.00 -8.00 13.00 47.00 -15.00
V  -5.00 -7.00 -12.00 -18.00 -27.00 -11.00 -12.00 -12.00 -18.00 11.00 8.00 -10.00 2.00 -9.00 -4.00 -10.00 -4.00 -17.00 -15.00 23.00
