# LUTR910102
   A R N D C Q E G H I L K M F P S T W Y V
A  12.00 5.00 5.00 6.00 1.00 6.00 7.00 5.00 -2.00 -1.00 -10.00 6.00 -6.00 -24.00 -5.00 9.00 8.00 -20.00 -4.00 0.00
R  5.00 9.00 5.00 8.00 -10.00 6.00 8.00 -2.00 5.00 -4.00 -10.00 10.00 -6.00 -11.00 -12.00 6.00 6.00 2.00 3.00 -3.00
N  5.00 5.00 6.00 8.00 -11.00 6.00 8.00 5.00 6.00 -3.00 -10.00 10.00 -8.00 -19.00 -11.00 8.00 6.00 -6.00 0.00 -3.00
D  6.00 8.00 8.00 17.00 -14.00 8.00 12.00 6.00 5.00 -6.00 -16.00 13.00 -13.00 -25.00 -7.00 8.00 8.00 -16.00 0.00 -4.00
C  1.00 -10.00 -11.00 -14.00 93.00 -5.00 -16.00 -36.00 -20.00 -17.00 -35.00 -22.00 -17.00 -36.00 -30.00 -11.00 1.00 0.00 -7.00 -12.00
Q  6.00 6.00 6.00 8.00 -5.00 7.00 9.00 3.00 4.00 -4.00 -12.00 10.00 -5.00 -20.00 -7.00 8.00 8.00 -2.00 0.00 -3.00
E  7.00 8.00 8.00 12.00 -16.00 9.00 15.00 8.00 -3.00 -5.00 -14.00 13.00 -12.00 -30.00 -7.00 9.00 10.00 -18.00 -3.00 -4.00
G  5.00 -2.00 5.00 6.00 -36.00 3.00 8.00 52.00 -14.00 -20.00 -32.00 2.00 -32.00 -52.00 -11.00 7.00 0.00 -23.00 -16.00 -20.00
H  -2.00 5.00 6.00 5.00 -20.00 4.00 -3.00 -14.00 65.00 -10.00 -18.00 6.00 -5.00 -10.00 -23.00 -1.00 -5.00 -21.00 5.00 -6.00
I  -1.00 -4.00 -3.00 -6.00 -17.00 -4.00 -5.00 -20.00 -10.00 31.00 9.00 -5.00 18.00 -4.00 -28.00 -11.00 -1.00 -19.00 0.00 17.00
L  -10.00 -10.00 -10.00 -16.00 -35.00 -12.00 -14.00 -32.00 -18.00 9.00 37.00 -15.00 13.00 2.00 -36.00 -25.00 -18.00 -18.00 -2.00 8.00
K  6.00 10.00 10.00 13.00 -22.00 10.00 13.00 2.00 6.00 -5.00 -15.00 31.00 -11.00 -30.00 -5.00 8.00 6.00 -21.00 -1.00 -4.00
M  -6.00 -6.00 -8.00 -13.00 -17.00 -5.00 -12.00 -32.00 -5.00 18.00 13.00 -11.00 61.00 2.00 -25.00 -18.00 -9.00 -20.00 1.00 12.00
F  -24.00 -11.00 -19.00 -25.00 -36.00 -20.00 -30.00 -52.00 -10.00 -4.00 2.00 -30.00 2.00 67.00 -28.00 -37.00 -37.00 11.00 21.00 -9.00
P  -5.00 -12.00 -11.00 -7.00 -30.00 -7.00 -7.00 -11.00 -23.00 -28.00 -36.00 -5.00 -25.00 -28.00 83.00 -9.00 -14.00 -47.00 -20.00 -20.00
S  9.00 6.00 8.00 8.00 -11.00 8.00 9.00 7.00 -1.00 -11.00 -25.00 8.00 -18.00 -37.00 -9.00 36.00 10.00 -29.00 -6.00 -10.00
T  8.00 6.00 6.00 8.00 1.00 8.00 10.00 0.00 -5.00 -1.00 -18.00 6.00 -9.00 -37.00 -14.00 10.00 35.00 -29.00 -8.00 -2.00
W  -20.00 2.00 -6.00 -16.00 0.00 -2.00 -18.00 -23.00 -21.00 -19.00 -18.00 -21.00 -20.00 11.00 -47.00 -29.00 -29.00 129.00 44.00 -8.00
Y  -4.00 3.00 0.00 0.00 -7.00 0.00 -3.00 -16.00 5.00 0.00 -2.00 -1.00 1.00 21.00 -20.00 -6.00 -8.00 44.00 26.00 -2.00
V  0.00 -3.00 -3.00 -4.00 -12.00 -3.00 -4.00 -20.00 -6.00 17.00 8.00 -4.00 12.00 -9.00 -20.00 -10.00 -2.00 -8.00 -2.00 26.00
