# LUTR910107
   A R N D C Q E G H I L K M F P S T W Y V
A  11.00 1.00 2.00 2.00 -5.00 3.00 3.00 -4.00 -3.00 -1.00 -3.00 1.00 -1.00 -16.00 0.00 4.00 3.00 -9.00 -5.00 2.00
R  1.00 28.00 3.00 1.00 -9.00 7.00 3.00 -6.00 0.00 -6.00 -7.00 7.00 -2.00 -15.00 -8.00 2.00 0.00 2.00 -1.00 -4.00
N  2.00 3.00 10.00 5.00 -9.00 4.00 3.00 -2.00 2.00 -4.00 -7.00 2.00 -3.00 -14.00 -7.00 4.00 3.00 -7.00 -2.00 -4.00
D  2.00 1.00 5.00 27.00 -15.00 4.00 8.00 -5.00 -3.00 -9.00 -14.00 1.00 -9.00 -20.00 -8.00 3.00 -1.00 -13.00 -7.00 -7.00
C  -5.00 -9.00 -9.00 -15.00 108.00 -11.00 -15.00 -21.00 -23.00 -13.00 -10.00 -19.00 -7.00 -19.00 -30.00 -11.00 -6.00 -1.00 0.00 -8.00
Q  3.00 7.00 4.00 4.00 -11.00 14.00 6.00 -6.00 2.00 -4.00 -6.00 6.00 -2.00 -18.00 -6.00 3.00 2.00 -13.00 -6.00 -3.00
E  3.00 3.00 3.00 8.00 -15.00 6.00 15.00 -4.00 -2.00 -5.00 -8.00 5.00 -7.00 -22.00 -3.00 3.00 2.00 -17.00 -9.00 -3.00
G  -4.00 -6.00 -2.00 -5.00 -21.00 -6.00 -4.00 41.00 -12.00 -18.00 -22.00 -12.00 -15.00 -30.00 -17.00 -4.00 -10.00 -15.00 -16.00 -14.00
H  -3.00 0.00 2.00 -3.00 -23.00 2.00 -2.00 -12.00 55.00 -12.00 -10.00 -6.00 -4.00 -9.00 -12.00 -3.00 -5.00 -7.00 3.00 -9.00
I  -1.00 -6.00 -4.00 -9.00 -13.00 -4.00 -5.00 -18.00 -12.00 49.00 19.00 -11.00 22.00 5.00 -15.00 -8.00 -1.00 -5.00 -2.00 24.00
L  -3.00 -7.00 -7.00 -14.00 -10.00 -6.00 -8.00 -22.00 -10.00 19.00 48.00 -15.00 24.00 10.00 -16.00 -10.00 -9.00 -5.00 0.00 14.00
K  1.00 7.00 2.00 1.00 -19.00 6.00 5.00 -12.00 -6.00 -11.00 -15.00 38.00 -10.00 -29.00 -8.00 1.00 -2.00 -21.00 -12.00 -9.00
M  -1.00 -2.00 -3.00 -9.00 -7.00 -2.00 -7.00 -15.00 -4.00 22.00 24.00 -10.00 52.00 11.00 -15.00 -7.00 -4.00 4.00 3.00 15.00
F  -16.00 -15.00 -14.00 -20.00 -19.00 -18.00 -22.00 -30.00 -9.00 5.00 10.00 -29.00 11.00 83.00 -26.00 -19.00 -19.00 10.00 22.00 -2.00
P  0.00 -8.00 -7.00 -8.00 -30.00 -6.00 -3.00 -17.00 -12.00 -15.00 -16.00 -8.00 -15.00 -26.00 58.00 -3.00 -7.00 -16.00 -16.00 -11.00
S  4.00 2.00 4.00 3.00 -11.00 3.00 3.00 -4.00 -3.00 -8.00 -10.00 1.00 -7.00 -19.00 -3.00 19.00 5.00 -11.00 -5.00 -6.00
T  3.00 0.00 3.00 -1.00 -6.00 2.00 2.00 -10.00 -5.00 -1.00 -9.00 -2.00 -4.00 -19.00 -7.00 5.00 31.00 -18.00 -9.00 -2.00
W  -9.00 2.00 -7.00 -13.00 -1.00 -13.00 -17.00 -15.00 -7.00 -5.00 -5.00 -21.00 4.00 10.00 -16.00 -11.00 -18.00 129.00 35.00 -3.00
Y  -5.00 -1.00 -2.00 -7.00 0.00 -6.00 -9.00 -16.00 3.00 -2.00 0.00 -12.00 3.00 22.00 -16.00 -5.00 -9.00 35.00 59.00 -3.00
V  2.00 -4.00 -4.00 -7.00 -8.00 -3.00 -3.00 -14.00 -9.00 24.00 14.00 -9.00 15.00 -2.00 -11.00 -6.00 -2.00 -3.00 -3.00 37.00
