# LUTR910106
   A R N D C Q E G H I L K M F P S T W Y V
A  18.00 1.00 6.00 4.00 0.00 6.00 8.00 14.00 2.00 -8.00 -6.00 4.00 1.00 -12.00 4.00 12.00 6.00 -23.00 0.00 -7.00
R  1.00 60.00 10.00 -1.00 -7.00 24.00 -1.00 -8.00 11.00 -14.00 -12.00 22.00 3.00 -10.00 -20.00 3.00 10.00 16.00 7.00 -11.00
N  6.00 10.00 18.00 18.00 5.00 18.00 22.00 6.00 13.00 -14.00 -15.00 16.00 3.00 -6.00 -13.00 13.00 8.00 -11.00 13.00 -17.00
D  4.00 -1.00 18.00 80.00 0.00 18.00 29.00 -4.00 24.00 -22.00 -27.00 30.00 5.00 -24.00 -26.00 17.00 2.00 -24.00 7.00 -30.00
C  0.00 -7.00 5.00 0.00 66.00 7.00 -1.00 -10.00 -2.00 -29.00 -29.00 2.00 -23.00 -40.00 -8.00 -1.00 -11.00 -43.00 -9.00 -28.00
Q  6.00 24.00 18.00 18.00 7.00 42.00 15.00 4.00 13.00 -14.00 -9.00 22.00 4.00 -16.00 -17.00 10.00 4.00 -14.00 9.00 -15.00
E  8.00 -1.00 22.00 29.00 -1.00 15.00 59.00 13.00 16.00 -18.00 -21.00 10.00 5.00 -7.00 -19.00 13.00 9.00 -19.00 14.00 -24.00
G  14.00 -8.00 6.00 -4.00 -10.00 4.00 13.00 48.00 -3.00 -9.00 -9.00 -2.00 4.00 -17.00 -14.00 16.00 8.00 -32.00 -9.00 -9.00
H  2.00 11.00 13.00 24.00 -2.00 13.00 16.00 -3.00 18.00 -15.00 -15.00 14.00 3.00 6.00 -15.00 10.00 5.00 18.00 20.00 -19.00
I  -8.00 -14.00 -14.00 -22.00 -29.00 -14.00 -18.00 -9.00 -15.00 20.00 11.00 -13.00 3.00 -10.00 -9.00 -12.00 -7.00 -8.00 -16.00 11.00
L  -6.00 -12.00 -15.00 -27.00 -29.00 -9.00 -21.00 -9.00 -15.00 11.00 25.00 -11.00 2.00 -4.00 -3.00 -15.00 -11.00 -8.00 -12.00 9.00
K  4.00 22.00 16.00 30.00 2.00 22.00 10.00 -2.00 14.00 -13.00 -11.00 35.00 6.00 -14.00 -16.00 11.00 7.00 -11.00 11.00 -12.00
M  1.00 3.00 3.00 5.00 -23.00 4.00 5.00 4.00 3.00 3.00 2.00 6.00 35.00 -2.00 -16.00 -2.00 3.00 -15.00 2.00 -5.00
F  -12.00 -10.00 -6.00 -24.00 -40.00 -16.00 -7.00 -17.00 6.00 -10.00 -4.00 -14.00 -2.00 58.00 -9.00 -16.00 -17.00 3.00 16.00 -13.00
P  4.00 -20.00 -13.00 -26.00 -8.00 -17.00 -19.00 -14.00 -15.00 -9.00 -3.00 -16.00 -16.00 -9.00 95.00 -4.00 -1.00 -32.00 -7.00 -9.00
S  12.00 3.00 13.00 17.00 -1.00 10.00 13.00 16.00 10.00 -12.00 -15.00 11.00 -2.00 -16.00 -4.00 28.00 12.00 -21.00 3.00 -14.00
T  6.00 10.00 8.00 2.00 -11.00 4.00 9.00 8.00 5.00 -7.00 -11.00 7.00 3.00 -17.00 -1.00 12.00 24.00 -7.00 1.00 -7.00
W  -23.00 16.00 -11.00 -24.00 -43.00 -14.00 -19.00 -32.00 18.00 -8.00 -8.00 -11.00 -15.00 3.00 -32.00 -21.00 -7.00 115.00 15.00 -15.00
Y  0.00 7.00 13.00 7.00 -9.00 9.00 14.00 -9.00 20.00 -16.00 -12.00 11.00 2.00 16.00 -7.00 3.00 1.00 15.00 37.00 -18.00
V  -7.00 -11.00 -17.00 -30.00 -28.00 -15.00 -24.00 -9.00 -19.00 11.00 9.00 -12.00 -5.00 -13.00 -9.00 -14.00 -7.00 -15.00 -18.00 21.00
