# LUTR910108
   A R N D C Q E G H I L K M F P S T W Y V
A  23.00 -1.00 1.00 0.00 4.00 1.00 0.00 2.00 -6.00 -6.00 -19.00 -6.00 -4.00 -23.00 1.00 3.00 2.00 -43.00 -19.00 -6.00
R  -1.00 19.00 5.00 3.00 1.00 5.00 4.00 3.00 2.00 -6.00 -10.00 9.00 -2.00 -22.00 2.00 4.00 2.00 -29.00 -8.00 -6.00
N  1.00 5.00 13.00 7.00 1.00 5.00 5.00 6.00 5.00 -7.00 -14.00 3.00 -5.00 -22.00 3.00 5.00 4.00 -38.00 -7.00 -8.00
D  0.00 3.00 7.00 28.00 -4.00 6.00 10.00 4.00 3.00 -12.00 -21.00 2.00 -9.00 -24.00 5.00 5.00 2.00 -35.00 -12.00 -9.00
C  4.00 1.00 1.00 -4.00 51.00 1.00 -5.00 4.00 -5.00 5.00 -8.00 -6.00 3.00 -4.00 -2.00 7.00 6.00 -13.00 -8.00 3.00
Q  1.00 5.00 5.00 6.00 1.00 11.00 7.00 3.00 4.00 -6.00 -14.00 4.00 -2.00 -19.00 5.00 4.00 3.00 -19.00 -8.00 -7.00
E  0.00 4.00 5.00 10.00 -5.00 7.00 23.00 3.00 1.00 -10.00 -18.00 3.00 -7.00 -28.00 6.00 4.00 2.00 -38.00 -16.00 -8.00
G  2.00 3.00 6.00 4.00 4.00 3.00 3.00 37.00 -1.00 -8.00 -19.00 -1.00 -6.00 -26.00 3.00 6.00 4.00 -46.00 -14.00 -9.00
H  -6.00 2.00 5.00 3.00 -5.00 4.00 1.00 -1.00 52.00 -9.00 -14.00 -2.00 -7.00 -13.00 -4.00 0.00 0.00 -17.00 4.00 -14.00
I  -6.00 -6.00 -7.00 -12.00 5.00 -6.00 -10.00 -8.00 -9.00 38.00 7.00 -12.00 12.00 3.00 -7.00 -5.00 1.00 -25.00 -11.00 13.00
L  -19.00 -10.00 -14.00 -21.00 -8.00 -14.00 -18.00 -19.00 -14.00 7.00 45.00 -21.00 8.00 4.00 -21.00 -15.00 -9.00 -22.00 -12.00 -4.00
K  -6.00 9.00 3.00 2.00 -6.00 4.00 3.00 -1.00 -2.00 -12.00 -21.00 34.00 -8.00 -34.00 -1.00 1.00 0.00 -43.00 -20.00 -13.00
M  -4.00 -2.00 -5.00 -9.00 3.00 -2.00 -7.00 -6.00 -7.00 12.00 8.00 -8.00 40.00 8.00 -8.00 -4.00 0.00 -11.00 -12.00 6.00
F  -23.00 -22.00 -22.00 -24.00 -4.00 -19.00 -28.00 -26.00 -13.00 3.00 4.00 -34.00 8.00 88.00 -28.00 -21.00 -19.00 19.00 33.00 -9.00
P  1.00 2.00 3.00 5.00 -2.00 5.00 6.00 3.00 -4.00 -7.00 -21.00 -1.00 -8.00 -28.00 59.00 6.00 1.00 -46.00 -10.00 -7.00
S  3.00 4.00 5.00 5.00 7.00 4.00 4.00 6.00 0.00 -5.00 -15.00 1.00 -4.00 -21.00 6.00 17.00 5.00 -41.00 -14.00 -4.00
T  2.00 2.00 4.00 2.00 6.00 3.00 2.00 4.00 0.00 1.00 -9.00 0.00 0.00 -19.00 1.00 5.00 14.00 -25.00 -13.00 1.00
W  -43.00 -29.00 -38.00 -35.00 -13.00 -19.00 -38.00 -46.00 -17.00 -25.00 -22.00 -43.00 -11.00 19.00 -46.00 -41.00 -25.00 162.00 36.00 -18.00
Y  -19.00 -8.00 -7.00 -12.00 -8.00 -8.00 -16.00 -14.00 4.00 -11.00 -12.00 -20.00 -12.00 33.00 -10.00 -14.00 -13.00 36.00 97.00 -19.00
V  -6.00 -6.00 -8.00 -9.00 3.00 -7.00 -8.00 -9.00 -14.00 13.00 -4.00 -13.00 6.00 -9.00 -7.00 -4.00 1.00 -18.00 -19.00 40.00
