# LUTR910105
   A R N D C Q E G H I L K M F P S T W Y V
A  27.00 -3.00 -2.00 -4.00 -22.00 -3.00 -3.00 9.00 -11.00 -2.00 -7.00 -6.00 2.00 -4.00 6.00 5.00 3.00 -2.00 -10.00 -2.00
R  -3.00 32.00 0.00 0.00 -28.00 2.00 -1.00 6.00 -7.00 -2.00 -8.00 9.00 2.00 -9.00 -1.00 -4.00 2.00 -31.00 -13.00 -4.00
N  -2.00 0.00 18.00 9.00 6.00 1.00 0.00 -4.00 14.00 -8.00 -11.00 -1.00 -3.00 -8.00 5.00 0.00 -4.00 -30.00 -2.00 -9.00
D  -4.00 0.00 9.00 38.00 -26.00 3.00 10.00 3.00 12.00 -10.00 -21.00 -2.00 -7.00 -17.00 -2.00 0.00 -1.00 -40.00 -13.00 -13.00
C  -22.00 -28.00 6.00 -26.00 156.00 -29.00 -30.00 -33.00 -33.00 -26.00 -34.00 -32.00 -17.00 12.00 -22.00 6.00 -7.00 -34.00 -25.00 -11.00
Q  -3.00 2.00 1.00 3.00 -29.00 30.00 6.00 3.00 4.00 -7.00 -13.00 4.00 -5.00 -9.00 1.00 -6.00 2.00 -34.00 -14.00 -8.00
E  -3.00 -1.00 0.00 10.00 -30.00 6.00 25.00 4.00 -5.00 -7.00 -13.00 2.00 -5.00 -12.00 -10.00 -3.00 0.00 -35.00 -13.00 -8.00
G  9.00 6.00 -4.00 3.00 -33.00 3.00 4.00 59.00 -4.00 -8.00 -21.00 -1.00 -2.00 -10.00 -10.00 0.00 -1.00 -33.00 -14.00 -14.00
H  -11.00 -7.00 14.00 12.00 -33.00 4.00 -5.00 -4.00 84.00 -13.00 -9.00 -19.00 -11.00 -3.00 -9.00 -11.00 -19.00 -36.00 18.00 -19.00
I  -2.00 -2.00 -8.00 -10.00 -26.00 -7.00 -7.00 -8.00 -13.00 29.00 16.00 -9.00 10.00 7.00 8.00 -10.00 -3.00 -25.00 -10.00 11.00
L  -7.00 -8.00 -11.00 -21.00 -34.00 -13.00 -13.00 -21.00 -9.00 16.00 42.00 -14.00 12.00 6.00 3.00 -15.00 -12.00 -29.00 -1.00 8.00
K  -6.00 9.00 -1.00 -2.00 -32.00 4.00 2.00 -1.00 -19.00 -9.00 -14.00 30.00 -5.00 -11.00 -12.00 -4.00 -1.00 -14.00 -14.00 -8.00
M  2.00 2.00 -3.00 -7.00 -17.00 -5.00 -5.00 -2.00 -11.00 10.00 12.00 -5.00 7.00 2.00 6.00 -2.00 2.00 -21.00 -4.00 7.00
F  -4.00 -9.00 -8.00 -17.00 12.00 -9.00 -12.00 -10.00 -3.00 7.00 6.00 -11.00 2.00 47.00 2.00 -9.00 -8.00 32.00 24.00 -3.00
P  6.00 -1.00 5.00 -2.00 -22.00 1.00 -10.00 -10.00 -9.00 8.00 3.00 -12.00 6.00 2.00 56.00 -4.00 -2.00 -25.00 3.00 1.00
S  5.00 -4.00 0.00 0.00 6.00 -6.00 -3.00 0.00 -11.00 -10.00 -15.00 -4.00 -2.00 -9.00 -4.00 25.00 4.00 -13.00 -7.00 -7.00
T  3.00 2.00 -4.00 -1.00 -7.00 2.00 0.00 -1.00 -19.00 -3.00 -12.00 -1.00 2.00 -8.00 -2.00 4.00 20.00 -31.00 -16.00 -1.00
W  -2.00 -31.00 -30.00 -40.00 -34.00 -34.00 -35.00 -33.00 -36.00 -25.00 -29.00 -14.00 -21.00 32.00 -25.00 -13.00 -31.00 150.00 11.00 -15.00
Y  -10.00 -13.00 -2.00 -13.00 -25.00 -14.00 -13.00 -14.00 18.00 -10.00 -1.00 -14.00 -4.00 24.00 3.00 -7.00 -16.00 11.00 56.00 -13.00
V  -2.00 -4.00 -9.00 -13.00 -11.00 -8.00 -8.00 -14.00 -19.00 11.00 8.00 -8.00 7.00 -3.00 1.00 -7.00 -1.00 -15.00 -13.00 24.00
