# MEHP950102
   A R N D C Q E G H I L K M F P S T W Y V
A  0.75 0.80 0.71 0.56 0.75 0.68 0.63 0.83 0.79 1.11 0.97 0.65 0.97 1.16 0.77 0.80 0.97 1.18 1.23 1.05
R  0.80 0.90 0.88 0.63 0.84 0.83 0.82 0.84 0.92 1.23 1.05 0.84 1.14 1.26 1.03 0.99 1.08 1.33 1.25 1.08
N  0.71 0.88 0.80 0.69 0.72 0.71 0.74 0.71 0.78 1.12 0.97 0.72 0.92 1.11 0.91 0.84 0.99 0.95 1.08 1.05
D  0.56 0.63 0.69 0.66 0.67 0.64 0.58 0.61 0.68 1.06 0.96 0.64 0.93 1.17 0.75 0.77 0.88 1.04 1.12 0.99
C  0.75 0.84 0.72 0.67 1.07 0.65 0.69 0.80 0.69 0.96 0.84 0.79 0.97 1.04 0.67 0.81 0.93 1.47 1.22 0.91
Q  0.68 0.83 0.71 0.64 0.65 0.80 0.73 0.78 0.79 1.10 1.07 0.75 0.97 1.07 0.83 0.85 1.02 1.17 1.11 1.03
E  0.63 0.82 0.74 0.58 0.69 0.73 0.74 0.87 0.78 1.15 1.12 0.78 0.96 1.17 0.75 0.92 1.11 1.33 1.31 1.08
G  0.83 0.84 0.71 0.61 0.80 0.78 0.87 0.97 0.71 1.25 1.09 0.76 1.18 1.30 0.75 0.91 1.03 1.28 1.27 1.09
H  0.79 0.92 0.78 0.68 0.69 0.79 0.78 0.71 0.99 1.24 1.07 0.82 0.96 1.05 0.83 0.85 0.91 1.18 1.23 1.13
I  1.11 1.23 1.12 1.06 0.96 1.10 1.15 1.25 1.24 1.33 1.21 1.11 1.16 1.54 1.30 1.24 1.27 1.71 1.51 1.42
L  0.97 1.05 0.97 0.96 0.84 1.07 1.12 1.09 1.07 1.21 1.12 0.99 1.06 1.27 1.21 1.09 1.18 1.37 1.41 1.35
K  0.65 0.84 0.72 0.64 0.79 0.75 0.78 0.76 0.82 1.11 0.99 0.78 1.03 1.11 0.92 0.89 1.09 1.11 1.18 1.06
M  0.97 1.14 0.92 0.93 0.97 0.97 0.96 1.18 0.96 1.16 1.06 1.03 1.05 1.21 1.34 1.15 1.11 1.35 1.23 1.22
F  1.16 1.26 1.11 1.17 1.04 1.07 1.17 1.30 1.05 1.54 1.27 1.11 1.21 1.33 1.07 1.28 1.32 1.31 1.34 1.51
P  0.77 1.03 0.91 0.75 0.67 0.83 0.75 0.75 0.83 1.30 1.21 0.92 1.34 1.07 0.82 0.87 0.93 1.09 1.29 1.13
S  0.80 0.99 0.84 0.77 0.81 0.85 0.92 0.91 0.85 1.24 1.09 0.89 1.15 1.28 0.87 0.96 1.10 1.34 1.41 1.21
T  0.97 1.08 0.99 0.88 0.93 1.02 1.11 1.03 0.91 1.27 1.18 1.09 1.11 1.32 0.93 1.10 1.16 1.42 1.46 1.27
W  1.18 1.33 0.95 1.04 1.47 1.17 1.33 1.28 1.18 1.71 1.37 1.11 1.35 1.31 1.09 1.34 1.42 1.22 1.29 1.63
Y  1.23 1.25 1.08 1.12 1.22 1.11 1.31 1.27 1.23 1.51 1.41 1.18 1.23 1.34 1.29 1.41 1.46 1.29 1.31 1.60
V  1.05 1.08 1.05 0.99 0.91 1.03 1.08 1.09 1.13 1.42 1.35 1.06 1.22 1.51 1.13 1.21 1.27 1.63 1.60 1.41
