# NIEK910101
   A R N D C Q E G H I L K M F P S T W Y V
A  1.00 0.09 -0.29 0.05 -0.35 0.32 0.70 -0.40 -0.18 -0.25 0.51 0.55 0.39 -0.18 0.10 -0.38 -0.59 -0.11 -0.59 -0.23
R  0.09 1.00 -0.10 -0.08 -0.17 0.05 0.09 -0.18 0.15 0.05 0.00 0.14 -0.10 0.15 -0.18 -0.10 -0.12 0.00 -0.01 -0.03
N  -0.29 -0.10 1.00 0.30 0.04 -0.14 -0.24 0.37 0.04 -0.06 -0.23 -0.19 -0.13 -0.13 -0.10 0.04 0.01 -0.21 0.04 -0.15
D  0.05 -0.08 0.30 1.00 -0.10 0.11 0.07 0.08 -0.01 -0.28 0.01 0.13 -0.09 -0.31 0.02 0.02 -0.18 -0.19 -0.19 -0.22
C  -0.35 -0.17 0.04 -0.10 1.00 -0.16 -0.34 0.12 -0.04 -0.15 -0.27 -0.25 -0.25 -0.05 0.13 0.31 0.12 0.00 0.25 -0.10
Q  0.32 0.05 -0.14 0.11 -0.16 1.00 0.39 -0.28 0.08 -0.13 0.29 0.16 0.22 -0.25 -0.18 -0.23 -0.21 -0.17 -0.28 -0.03
E  0.70 0.09 -0.24 0.07 -0.34 0.39 1.00 -0.45 -0.14 -0.14 0.57 0.50 0.36 -0.24 -0.08 -0.41 -0.50 -0.12 -0.57 -0.09
G  -0.40 -0.18 0.37 0.08 0.12 -0.28 -0.45 1.00 0.06 -0.23 -0.54 -0.34 -0.29 -0.05 0.10 0.28 0.10 -0.10 0.19 -0.24
H  -0.18 0.15 0.04 -0.01 -0.04 0.08 -0.14 0.06 1.00 0.01 -0.09 -0.23 -0.08 0.17 -0.32 -0.05 0.10 -0.01 0.13 -0.11
I  -0.25 0.05 -0.06 -0.28 -0.15 -0.13 -0.14 -0.23 0.01 1.00 0.25 -0.17 0.15 0.27 -0.53 -0.34 0.30 0.03 0.13 0.67
L  0.51 0.00 -0.23 0.01 -0.27 0.29 0.57 -0.54 -0.09 0.25 1.00 0.31 0.41 -0.08 -0.25 -0.61 -0.31 -0.12 -0.46 0.23
K  0.55 0.14 -0.19 0.13 -0.25 0.16 0.50 -0.34 -0.23 -0.17 0.31 1.00 0.05 -0.16 0.04 -0.18 -0.33 0.02 -0.43 -0.13
M  0.39 -0.10 -0.13 -0.09 -0.25 0.22 0.36 -0.29 -0.08 0.15 0.41 0.05 1.00 -0.02 -0.31 -0.48 -0.31 -0.19 -0.31 0.08
F  -0.18 0.15 -0.13 -0.31 -0.05 -0.25 -0.24 -0.05 0.17 0.27 -0.08 -0.16 -0.02 1.00 -0.28 -0.13 0.19 0.15 0.24 0.13
P  0.10 -0.18 -0.10 0.02 0.13 -0.18 -0.08 0.10 -0.32 -0.53 -0.25 0.04 -0.31 -0.28 1.00 0.35 -0.21 -0.03 -0.13 -0.42
S  -0.38 -0.10 0.04 0.02 0.31 -0.23 -0.41 0.28 -0.05 -0.34 -0.61 -0.18 -0.48 -0.13 0.35 1.00 0.33 0.05 0.34 -0.25
T  -0.59 -0.12 0.01 -0.18 0.12 -0.21 -0.50 0.10 0.10 0.30 -0.31 -0.33 -0.31 0.19 -0.21 0.33 1.00 0.07 0.46 0.35
W  -0.11 0.00 -0.21 -0.19 0.00 -0.17 -0.12 -0.10 -0.01 0.03 -0.12 0.02 -0.19 0.15 -0.03 0.05 0.07 1.00 0.06 -0.04
Y  -0.59 -0.01 0.04 -0.19 0.25 -0.28 -0.57 0.19 0.13 0.13 -0.46 -0.43 -0.31 0.24 -0.13 0.34 0.46 0.06 1.00 0.15
V  -0.23 -0.03 -0.15 -0.22 -0.10 -0.03 -0.09 -0.24 -0.11 0.67 0.23 -0.13 0.08 0.13 -0.42 -0.25 0.35 -0.04 0.15 1.00
