# OGAK980101
   A R N D C Q E G H I L K M F P S T W Y V
A  -4.80 -7.00 -7.10 -6.90 -7.70 -7.00 -6.70 -5.80 -7.70 -7.10 -6.70 -6.70 -8.00 -7.90 -6.80 -5.60 -6.20 -9.00 -7.50 -5.90
R  -7.00 -6.20 -7.30 -7.30 -8.30 -7.50 -7.50 -7.50 -8.10 -7.70 -7.90 -6.60 -7.80 -8.10 -7.90 -6.90 -6.80 -9.40 -8.40 -7.40
N  -7.10 -7.30 -4.80 -6.30 -8.60 -7.10 -6.50 -6.80 -6.80 -7.60 -7.70 -6.80 -7.40 -8.20 -8.00 -6.50 -6.40 -8.60 -7.00 -7.20
D  -6.90 -7.30 -6.30 -5.00 -8.30 -7.30 -6.40 -6.30 -8.10 -8.30 -7.10 -6.90 -8.20 -9.50 -7.30 -5.70 -6.50 -9.80 -7.20 -7.10
C  -7.70 -8.30 -8.60 -8.30 -3.20 -8.30 -10.20 -7.50 -9.30 -9.00 -7.70 -8.50 -8.70 -8.90 -8.30 -8.20 -7.50 -12.00 -10.60 -8.10
Q  -7.00 -7.50 -7.10 -7.30 -8.30 -6.50 -6.80 -7.60 -7.70 -7.90 -7.40 -6.70 -8.50 -8.60 -8.10 -7.00 -7.00 -8.30 -7.30 -7.50
E  -6.70 -7.50 -6.50 -6.40 -10.20 -6.80 -5.40 -7.40 -7.80 -8.30 -7.40 -6.70 -8.10 -8.20 -7.80 -6.60 -6.80 -7.90 -7.50 -7.30
G  -5.80 -7.50 -6.80 -6.30 -7.50 -7.60 -7.40 -4.20 -7.70 -8.00 -8.00 -6.80 -8.20 -8.10 -7.20 -6.30 -6.70 -7.20 -7.50 -7.30
H  -7.70 -8.10 -6.80 -8.10 -9.30 -7.70 -7.80 -7.70 -6.10 -8.20 -8.10 -7.60 -9.70 -8.20 -7.50 -7.00 -8.00 -9.70 -6.80 -7.50
I  -7.10 -7.70 -7.60 -8.30 -9.00 -7.90 -8.30 -8.00 -8.20 -5.50 -5.50 -8.10 -7.40 -7.20 -7.20 -7.20 -7.10 -7.70 -7.40 -5.70
L  -6.70 -7.90 -7.70 -7.10 -7.70 -7.40 -7.40 -8.00 -8.10 -5.50 -4.00 -7.20 -7.00 -6.60 -6.60 -6.40 -6.20 -6.80 -6.60 -5.80
K  -6.70 -6.60 -6.80 -6.90 -8.50 -6.70 -6.70 -6.80 -7.60 -8.10 -7.20 -5.50 -8.20 -8.80 -7.50 -6.60 -6.30 -9.50 -7.30 -6.70
M  -8.00 -7.80 -7.40 -8.20 -8.70 -8.50 -8.10 -8.20 -9.70 -7.40 -7.00 -8.20 -6.70 -8.50 -8.80 -7.50 -7.30 -7.20 -7.90 -7.20
F  -7.90 -8.10 -8.20 -9.50 -8.90 -8.60 -8.20 -8.10 -8.20 -7.20 -6.60 -8.80 -8.50 -5.70 -8.80 -8.30 -7.70 -6.90 -6.00 -7.10
P  -6.80 -7.90 -8.00 -7.30 -8.30 -8.10 -7.80 -7.20 -7.50 -7.20 -6.60 -7.50 -8.80 -8.80 -5.70 -6.80 -6.70 -10.40 -8.10 -7.50
S  -5.60 -6.90 -6.50 -5.70 -8.20 -7.00 -6.60 -6.30 -7.00 -7.20 -6.40 -6.60 -7.50 -8.30 -6.80 -4.60 -5.50 -7.60 -7.30 -6.80
T  -6.20 -6.80 -6.40 -6.50 -7.50 -7.00 -6.80 -6.70 -8.00 -7.10 -6.20 -6.30 -7.30 -7.70 -6.70 -5.50 -5.00 -7.60 -6.80 -6.20
W  -9.00 -9.40 -8.60 -9.80 -12.00 -8.30 -7.90 -7.20 -9.70 -7.70 -6.80 -9.50 -7.20 -6.90 -10.40 -7.60 -7.60 -5.00 -6.50 -7.80
Y  -7.50 -8.40 -7.00 -7.20 -10.60 -7.30 -7.50 -7.50 -6.80 -7.40 -6.60 -7.30 -7.90 -6.00 -8.10 -7.30 -6.80 -6.50 -4.70 -7.20
V  -5.90 -7.40 -7.20 -7.10 -8.10 -7.50 -7.30 -7.30 -7.50 -5.70 -5.80 -6.70 -7.20 -7.10 -7.50 -6.80 -6.20 -7.80 -7.20 -4.80
