 A R N D C Q E G H I L K M F P S T W Y V 
A 1.000 0.250 0.138 -0.018 0.799 0.550 -0.116 0.000 0.523 0.888 0.862 0.281 0.858 0.874 0.656 0.281 0.574 0.825 0.772 0.850 
R 0.250 1.000 0.558 -0.054 0.113 0.243 0.037 0.000 0.392 0.108 0.049 0.872 0.058 0.108 0.133 0.804 0.427 0.169 0.266 0.045 
N 0.138 0.558 1.000 0.452 0.032 0.222 0.408 0.000 0.305 -0.101 -0.172 0.490 -0.090 -0.072 0.265 0.661 0.519 0.003 0.338 -0.203 
D -0.018 -0.054 0.452 1.000 0.015 0.257 0.851 0.000 0.067 -0.185 -0.249 -0.064 -0.109 -0.107 0.276 0.245 0.382 -0.079 0.225 -0.196 
C 0.799 0.113 0.032 0.015 1.000 0.418 -0.167 0.000 0.425 0.717 0.787 0.002 0.912 0.857 0.558 0.104 0.326 0.779 0.817 0.755 
Q 0.550 0.243 0.222 0.257 0.418 1.000 0.254 0.000 0.614 0.511 0.439 0.377 0.450 0.482 0.598 0.357 0.610 0.478 0.550 0.458 
E -0.116 0.037 0.408 0.851 -0.167 0.254 1.000 0.000 -0.102 -0.135 -0.223 -0.051 -0.180 -0.187 0.097 0.204 0.287 -0.216 0.036 -0.186 
G 0.000 0.000 0.000 0.000 0.000 0.000 0.000 0.000 0.000 0.000 0.000 0.000 0.000 0.000 0.000 0.000 0.000 0.000 0.000 0.000 
H 0.523 0.392 0.305 0.067 0.425 0.614 -0.102 0.000 1.000 0.378 0.289 0.488 0.441 0.511 0.651 0.568 0.399 0.460 0.492 0.284 
I 0.888 0.108 -0.101 -0.185 0.717 0.511 -0.135 0.000 0.378 1.000 0.960 0.099 0.842 0.893 0.572 0.083 0.382 0.792 0.573 0.946 
L 0.862 0.049 -0.172 -0.249 0.787 0.439 -0.223 0.000 0.289 0.960 1.000 -0.004 0.881 0.927 0.504 0.003 0.346 0.843 0.625 0.973 
K 0.281 0.872 0.490 -0.064 0.002 0.377 -0.051 0.000 0.488 0.099 -0.004 1.000 -0.044 0.061 0.206 0.745 0.540 0.111 0.182 0.024 
M 0.858 0.058 -0.090 -0.109 0.912 0.450 -0.180 0.000 0.441 0.842 0.881 -0.044 1.000 0.903 0.523 0.054 0.313 0.785 0.764 0.874 
F 0.874 0.108 -0.072 -0.107 0.857 0.482 -0.187 0.000 0.511 0.893 0.927 0.061 0.903 1.000 0.661 0.152 0.410 0.907 0.743 0.909 
P 0.656 0.133 0.265 0.276 0.558 0.598 0.097 0.000 0.651 0.572 0.504 0.206 0.523 0.661 1.000 0.200 0.435 0.597 0.632 0.462 
S 0.281 0.804 0.661 0.245 0.104 0.357 0.204 0.000 0.568 0.083 0.003 0.745 0.054 0.152 0.200 1.000 0.601 0.204 0.307 0.005 
T 0.574 0.427 0.519 0.382 0.326 0.610 0.287 0.000 0.399 0.382 0.346 0.540 0.313 0.410 0.435 0.601 1.000 0.471 0.540 0.396 
W 0.825 0.169 0.003 -0.079 0.779 0.478 -0.216 0.000 0.460 0.792 0.843 0.111 0.785 0.907 0.597 0.204 0.471 1.000 0.802 0.835 
Y 0.772 0.266 0.338 0.225 0.817 0.550 0.036 0.000 0.492 0.573 0.625 0.182 0.764 0.743 0.632 0.307 0.540 0.802 1.000 0.632 
V 0.850 0.045 -0.203 -0.196 0.755 0.458 -0.186 0.000 0.284 0.946 0.973 0.024 0.874 0.909 0.462 0.005 0.396 0.835 0.632 1.000 

