 A R N D C Q E G H I L K M F P S T W Y V 
A 1.000 0.390 0.370 0.299 0.270 0.261 0.300 0.407 0.356 0.476 0.555 0.398 0.207 0.628 0.183 0.193 -0.083 0.081 0.683 0.565 
R 0.390 1.000 0.266 -0.109 0.273 -0.084 0.375 0.394 0.093 0.305 0.446 0.236 0.374 0.552 -0.037 -0.043 0.037 -0.059 0.201 0.531 
N 0.370 0.266 1.000 0.037 0.105 0.082 0.206 0.293 0.299 0.452 0.191 0.208 0.438 0.278 0.156 -0.051 0.076 0.277 0.387 0.512 
D 0.299 -0.109 0.037 1.000 0.035 0.321 0.137 0.250 -0.117 0.242 0.261 0.184 -0.295 0.475 0.008 0.012 0.328 0.578 0.320 0.149 
C 0.270 0.273 0.105 0.035 1.000 0.191 0.341 0.246 0.527 -0.029 0.501 0.054 -0.006 0.550 0.355 -0.178 0.087 0.174 0.195 0.427 
Q 0.261 -0.084 0.082 0.321 0.191 1.000 0.228 0.494 0.630 0.372 0.251 0.323 0.211 0.364 -0.168 0.404 0.344 0.515 0.207 0.334 
E 0.300 0.375 0.206 0.137 0.341 0.228 1.000 0.164 0.121 0.212 0.291 0.247 0.128 0.433 -0.216 -0.081 0.220 0.149 0.273 0.444 
G 0.407 0.394 0.293 0.250 0.246 0.494 0.164 1.000 0.497 0.429 0.327 0.006 0.326 0.455 -0.023 0.015 0.335 0.136 0.372 0.639 
H 0.356 0.093 0.299 -0.117 0.527 0.630 0.121 0.497 1.000 0.406 0.457 0.072 0.461 0.405 0.304 0.144 0.259 0.232 0.083 0.534 
I 0.476 0.305 0.452 0.242 -0.029 0.372 0.212 0.429 0.406 1.000 0.570 0.088 0.440 0.532 0.065 0.166 0.385 0.357 0.333 0.641 
L 0.555 0.446 0.191 0.261 0.501 0.251 0.291 0.327 0.457 0.570 1.000 -0.080 0.112 0.769 0.079 -0.042 0.386 0.268 0.246 0.598 
K 0.398 0.236 0.208 0.184 0.054 0.323 0.247 0.006 0.072 0.088 -0.080 1.000 0.285 0.217 0.099 0.102 -0.206 0.436 0.436 0.249 
M 0.207 0.374 0.438 -0.295 -0.006 0.211 0.128 0.326 0.461 0.440 0.112 0.285 1.000 0.111 0.266 0.165 -0.141 -0.075 -0.057 0.278 
F 0.628 0.552 0.278 0.475 0.550 0.364 0.433 0.455 0.405 0.532 0.769 0.217 0.111 1.000 0.091 -0.012 0.306 0.451 0.428 0.626 
P 0.183 -0.037 0.156 0.008 0.355 -0.168 -0.216 -0.023 0.304 0.065 0.079 0.099 0.266 0.091 1.000 -0.363 -0.336 -0.118 -0.054 0.020 
S 0.193 -0.043 -0.051 0.012 -0.178 0.404 -0.081 0.015 0.144 0.166 -0.042 0.102 0.165 -0.012 -0.363 1.000 -0.124 -0.023 -0.093 -0.103 
T -0.083 0.037 0.076 0.328 0.087 0.344 0.220 0.335 0.259 0.385 0.386 -0.206 -0.141 0.306 -0.336 -0.124 1.000 0.564 0.000 0.329 
W 0.081 -0.059 0.277 0.578 0.174 0.515 0.149 0.136 0.232 0.357 0.268 0.436 -0.075 0.451 -0.118 -0.023 0.564 1.000 0.293 0.378 
Y 0.683 0.201 0.387 0.320 0.195 0.207 0.273 0.372 0.083 0.333 0.246 0.436 -0.057 0.428 -0.054 -0.093 0.000 0.293 1.000 0.614 
V 0.565 0.531 0.512 0.149 0.427 0.334 0.444 0.639 0.534 0.641 0.598 0.249 0.278 0.626 0.020 -0.103 0.329 0.378 0.614 1.000 

