# QUIB020101
   A R N D C Q E G H I L K M F P S T W Y V
A  2.50 0.20 1.10 1.00 1.20 -0.10 1.20 1.40 -1.40 0.30 -0.20 -0.20 -0.20 -1.60 0.70 1.70 1.70 -3.30 -1.80 1.90
R  0.20 5.20 0.70 0.10 -1.30 2.00 1.90 -0.20 1.50 -1.90 -1.50 3.40 -1.40 -3.20 -0.60 0.20 0.20 -1.50 -0.90 -2.80
N  1.10 0.70 2.50 3.30 -1.90 1.90 2.30 0.70 1.40 -2.40 -2.40 1.60 -2.10 -2.50 -0.10 1.40 1.40 -4.00 -0.80 -0.90
D  1.00 0.10 3.30 5.30 -3.10 1.10 3.20 0.90 0.50 -2.90 -3.40 1.40 -2.80 -3.70 -0.20 1.70 0.10 -5.70 -2.90 -2.50
C  1.20 -1.30 -1.90 -3.10 11.50 -2.50 -2.40 -1.30 -1.70 -3.20 -1.60 -3.00 -1.30 -0.80 -3.60 0.70 0.30 -0.50 -0.30 0.70
Q  -0.10 2.00 1.90 1.10 -2.50 3.60 1.70 -0.30 1.40 -0.90 -1.20 2.20 -0.60 -1.70 1.00 0.90 -0.10 -2.90 -1.50 -1.50
E  1.20 1.90 2.30 3.20 -2.40 1.70 3.70 0.50 0.30 -3.10 -1.50 1.20 -2.00 -13.70 0.00 1.10 1.60 -4.70 -2.20 -1.30
G  1.40 -0.20 0.70 0.90 -1.30 -0.30 0.50 7.50 -1.70 -3.70 -3.80 0.40 -3.80 -4.70 -0.80 1.60 -0.60 -4.20 -4.80 -1.40
H  -1.40 1.50 1.40 0.50 -1.70 1.40 0.30 -1.70 6.80 -1.80 -2.40 1.10 -0.80 -0.90 -2.10 -0.10 -0.20 -1.20 2.90 -2.50
I  0.30 -1.90 -2.40 -2.90 -3.20 -0.90 -3.10 -3.70 -1.80 4.50 3.40 -1.50 2.20 2.20 -2.40 -1.10 0.00 -1.80 0.20 4.50
L  -0.20 -1.50 -2.40 -3.40 -1.60 -1.20 -1.50 -3.80 -2.40 3.40 5.20 -2.00 3.10 3.70 -1.40 -0.80 0.30 -1.20 0.80 3.40
K  -0.20 3.40 1.60 1.40 -3.00 2.20 1.20 0.40 1.10 -1.50 -2.00 3.90 -0.50 -2.80 0.20 1.40 1.00 -3.00 -1.50 -1.00
M  -0.20 -1.40 -2.10 -2.80 -1.30 -0.60 -2.00 -3.80 -0.80 2.20 3.10 -0.50 5.40 1.70 -1.90 -1.10 -0.30 -0.60 0.50 1.70
F  -1.60 -3.20 -2.50 -3.70 -0.80 -1.70 -13.70 -4.70 -0.90 2.20 3.70 -2.80 1.70 7.00 -4.10 -2.50 -0.80 3.70 5.20 0.90
P  0.70 -0.60 -0.10 -0.20 -3.60 1.00 0.00 -0.80 -2.10 -2.40 -1.40 0.20 -1.90 -4.10 8.10 2.00 1.10 -5.00 -3.30 -1.10
S  1.70 0.20 1.40 1.70 0.70 0.90 1.10 1.60 -0.10 -1.10 -0.80 1.40 -1.10 -2.50 2.00 2.80 2.60 -2.80 -0.90 -3.00
T  1.70 0.20 1.40 0.10 0.30 -0.10 1.60 -0.60 -0.20 0.00 0.30 1.00 -0.30 -0.80 1.10 2.60 0.40 -2.90 -0.80 1.50
W  -3.30 -1.50 -4.00 -5.70 -0.50 -2.90 -4.70 -4.20 -1.20 -1.80 -1.20 -3.00 -0.60 3.70 -5.00 -2.80 -2.90 14.90 4.90 -2.50
Y  -1.80 -0.90 -0.80 -2.90 -0.30 -1.50 -2.20 -4.80 2.90 0.20 0.80 -1.50 0.50 5.20 -3.30 -0.90 -0.80 4.90 8.10 0.30
V  1.90 -2.80 -0.90 -2.50 0.70 -1.50 -1.30 -1.40 -2.50 4.50 3.40 -1.00 1.70 0.90 -1.10 -3.00 1.50 -2.50 0.30 4.20
