# RIER950101
   A R N D C Q E G H I L K M F P S T W Y V
A  100.00 13.00 60.00 33.00 98.00 64.00 39.00 96.00 71.00 91.00 93.00 35.00 89.00 87.00 89.00 94.00 98.00 98.00 94.00 94.00
R  13.00 100.00 53.00 81.00 11.00 49.00 74.00 17.00 42.00 4.00 6.00 78.00 2.00 0.00 24.00 19.00 16.00 11.00 19.00 7.00
N  60.00 53.00 100.00 73.00 58.00 96.00 79.00 64.00 89.00 51.00 52.00 75.00 49.00 47.00 71.00 66.00 63.00 58.00 66.00 54.00
D  33.00 81.00 73.00 100.00 30.00 68.00 94.00 36.00 61.00 23.00 25.00 98.00 21.00 19.00 44.00 39.00 35.00 31.00 38.00 26.00
C  98.00 11.00 58.00 30.00 100.00 62.00 36.00 94.00 69.00 93.00 95.00 33.00 91.00 89.00 86.00 91.00 95.00 99.00 92.00 96.00
Q  64.00 49.00 96.00 68.00 62.00 100.00 74.00 68.00 93.00 55.00 57.00 71.00 53.00 51.00 76.00 71.00 67.00 63.00 70.00 58.00
E  39.00 74.00 79.00 94.00 36.00 74.00 100.00 43.00 68.00 29.00 31.00 96.00 27.00 26.00 50.00 45.00 41.00 37.00 44.00 33.00
G  96.00 17.00 64.00 36.00 94.00 68.00 43.00 100.00 75.00 87.00 89.00 39.00 85.00 83.00 93.00 98.00 99.00 94.00 98.00 90.00
H  71.00 42.00 89.00 61.00 69.00 93.00 68.00 75.00 100.00 62.00 64.00 64.00 60.00 58.00 83.00 78.00 74.00 69.00 77.00 65.00
I  91.00 4.00 51.00 23.00 93.00 55.00 29.00 87.00 62.00 100.00 98.00 26.00 98.00 96.00 79.00 84.00 88.00 93.00 85.00 97.00
L  93.00 6.00 52.00 25.00 95.00 57.00 31.00 89.00 64.00 98.00 100.00 27.00 96.00 94.00 81.00 86.00 90.00 94.00 87.00 99.00
K  35.00 78.00 75.00 98.00 33.00 71.00 96.00 39.00 64.00 26.00 27.00 100.00 24.00 22.00 46.00 41.00 38.00 33.00 41.00 29.00
M  89.00 2.00 49.00 21.00 91.00 53.00 27.00 85.00 60.00 98.00 96.00 24.00 100.00 98.00 78.00 83.00 86.00 91.00 83.00 95.00
F  87.00 0.00 47.00 19.00 89.00 51.00 26.00 83.00 58.00 96.00 94.00 22.00 98.00 100.00 76.00 81.00 84.00 89.00 81.00 93.00
P  89.00 24.00 71.00 44.00 86.00 76.00 50.00 93.00 83.00 79.00 81.00 46.00 78.00 76.00 100.00 95.00 91.00 87.00 94.00 83.00
S  94.00 19.00 66.00 39.00 91.00 71.00 45.00 98.00 78.00 84.00 86.00 41.00 83.00 81.00 95.00 100.00 96.00 92.00 99.00 88.00
T  98.00 16.00 63.00 35.00 95.00 67.00 41.00 99.00 74.00 88.00 90.00 38.00 86.00 84.00 91.00 96.00 100.00 96.00 97.00 91.00
W  98.00 11.00 58.00 31.00 99.00 63.00 37.00 94.00 69.00 93.00 94.00 33.00 91.00 89.00 87.00 92.00 96.00 100.00 93.00 96.00
Y  94.00 19.00 66.00 38.00 92.00 70.00 44.00 98.00 77.00 85.00 87.00 41.00 83.00 81.00 94.00 99.00 97.00 93.00 100.00 88.00
V  94.00 7.00 54.00 26.00 96.00 58.00 33.00 90.00 65.00 97.00 99.00 29.00 95.00 93.00 83.00 88.00 91.00 96.00 88.00 100.00
