 A R N D C Q E G H I L K M F P S T W Y V 
A -0.00347 0.00335 0.00391 0.00414 0.00180 0.00343 0.00406 0.00106 0.00321 -0.00746 -0.00482 0.00368 -0.00177 -0.00212 0.00258 0.00167 0.00116 0.00193 0.00110 -0.00590 
R 0.00335 -0.00407 -0.00739 -0.01600 0.01195 -0.00609 -0.01522 -0.00194 0.00007 0.01401 0.01049 -0.00416 0.00669 0.00902 -0.00549 -0.00364 -0.00080 0.00135 0.00062 0.01208 
N 0.00391 -0.00739 -0.01002 -0.00825 0.00797 -0.00689 -0.00681 -0.00340 -0.00362 0.01338 0.01113 -0.00823 0.00508 0.00842 -0.00660 -0.00464 -0.00245 0.00263 0.00175 0.01170 
D 0.00414 -0.01600 -0.00825 -0.00786 0.01489 -0.00644 -0.00727 -0.00242 -0.00685 0.01451 0.01230 -0.01640 0.00738 0.01138 -0.00591 -0.00305 -0.00170 0.00341 0.00156 0.01302 
C 0.00180 0.01195 0.00797 0.01489 -0.10838 0.00991 0.01832 -0.00362 -0.00424 -0.00508 -0.00648 0.01873 -0.00917 -0.01487 0.00302 0.00104 -0.00005 -0.01294 -0.00260 -0.00933 
Q 0.00343 -0.00609 -0.00689 -0.00644 0.00991 -0.00745 -0.00728 -0.00242 -0.00218 0.01197 0.00870 -0.00765 0.00385 0.00704 -0.00606 -0.00264 -0.00192 0.00050 0.00011 0.00952 
E 0.00406 -0.01522 -0.00681 -0.00727 0.01832 -0.00728 -0.00947 0.00092 -0.00352 0.01407 0.01041 -0.01791 0.00624 0.01030 -0.00588 -0.00227 -0.00215 0.00199 0.00221 0.01250 
G 0.00106 -0.00194 -0.00340 -0.00242 -0.00362 -0.00242 0.00092 -0.00526 -0.00394 0.00567 0.00659 -0.00007 0.00184 0.00378 -0.00235 -0.00315 -0.00215 0.00064 0.00113 0.00366 
H 0.00321 0.00007 -0.00362 -0.00685 -0.00424 -0.00218 -0.00352 -0.00394 -0.02024 0.01233 0.00681 0.00289 0.00257 0.00222 -0.00167 -0.00329 -0.00212 -0.00617 -0.00113 0.00668 
I -0.00746 0.01401 0.01338 0.01451 -0.00508 0.01197 0.01407 0.00567 0.01233 -0.02696 -0.01896 0.01311 -0.00919 -0.01376 0.01190 0.00742 0.00232 0.00233 0.00035 -0.02164 
L -0.00482 0.01049 0.01113 0.01230 -0.00648 0.00870 0.01041 0.00659 0.00681 -0.01896 -0.01700 0.01001 -0.00508 -0.01304 0.00832 0.00567 0.00380 -0.00152 -0.00204 -0.01432 
K 0.00368 -0.00416 -0.00823 -0.01640 0.01873 -0.00765 -0.01791 -0.00007 0.00289 0.01311 0.01001 -0.00994 0.00853 0.01045 -0.00579 -0.00151 -0.00127 0.00623 0.00355 0.01161 
M -0.00177 0.00669 0.00508 0.00738 -0.00917 0.00385 0.00624 0.00184 0.00257 -0.00919 -0.00508 0.00853 -0.00882 -0.00980 0.00497 0.00105 0.00236 -0.00484 -0.00387 -0.00330 
F -0.00212 0.00902 0.00842 0.01138 -0.01487 0.00704 0.01030 0.00378 0.00222 -0.01376 -0.01304 0.01045 -0.00980 -0.01272 0.00807 0.00283 0.00460 -0.00939 -0.00403 -0.01012 
P 0.00258 -0.00549 -0.00660 -0.00591 0.00302 -0.00606 -0.00588 -0.00235 -0.00167 0.01190 0.00832 -0.00579 0.00497 0.00807 -0.00713 -0.00189 -0.00050 -0.00255 -0.00376 0.00972 
S 0.00167 -0.00364 -0.00464 -0.00305 0.00104 -0.00264 -0.00227 -0.00315 -0.00329 0.00742 0.00567 -0.00151 0.00105 0.00283 -0.00189 -0.00249 -0.00188 0.00112 0.00071 0.00522 
T 0.00116 -0.00080 -0.00245 -0.00170 -0.00005 -0.00192 -0.00215 -0.00215 -0.00212 0.00232 0.00380 -0.00127 0.00236 0.00460 -0.00050 -0.00188 -0.00185 0.00473 0.00155 0.00176 
W 0.00193 0.00135 0.00263 0.00341 -0.01294 0.00050 0.00199 0.00064 -0.00617 0.00233 -0.00152 0.00623 -0.00484 -0.00939 -0.00255 0.00112 0.00473 -0.00844 -0.00508 0.00082 
Y 0.00110 0.00062 0.00175 0.00156 -0.00260 0.00011 0.00221 0.00113 -0.00113 0.00035 -0.00204 0.00355 -0.00387 -0.00403 -0.00376 0.00071 0.00155 -0.00508 -0.00498 0.00012 
V -0.00590 0.01208 0.01170 0.01302 -0.00933 0.00952 0.01250 0.00366 0.00668 -0.02164 -0.01432 0.01161 -0.00330 -0.01012 0.00972 0.00522 0.00176 0.00082 0.00012 -0.02080 

