# TUDE900101
   A R N D C Q E G H I L K M F P S T W Y V
A  100.00 -2.00 -8.00 3.00 4.00 0.00 12.00 -3.00 -10.00 -17.00 -6.00 2.00 -2.00 -8.00 -2.00 10.00 -3.00 -12.00 -18.00 -12.00
R  -2.00 100.00 11.00 2.00 -12.00 26.00 11.00 -6.00 0.00 -25.00 -24.00 24.00 0.00 -11.00 -4.00 -10.00 -5.00 -7.00 0.00 -18.00
N  -8.00 11.00 100.00 32.00 -7.00 12.00 13.00 10.00 8.00 -32.00 -35.00 17.00 -12.00 -23.00 8.00 1.00 12.00 -6.00 -13.00 -30.00
D  3.00 2.00 32.00 100.00 -20.00 8.00 34.00 8.00 10.00 -39.00 -40.00 10.00 -16.00 -31.00 1.00 7.00 11.00 -20.00 -22.00 -32.00
C  4.00 -12.00 -7.00 -20.00 100.00 -8.00 -18.00 -1.00 3.00 12.00 15.00 -14.00 2.00 11.00 -3.00 -6.00 -4.00 8.00 5.00 8.00
Q  0.00 26.00 12.00 8.00 -8.00 100.00 37.00 -10.00 -4.00 -20.00 -26.00 26.00 -12.00 -22.00 0.00 -7.00 -10.00 -3.00 -23.00 -12.00
E  12.00 11.00 13.00 34.00 -18.00 37.00 100.00 -5.00 -8.00 -36.00 -40.00 24.00 -17.00 -40.00 -7.00 -10.00 -12.00 -10.00 -28.00 -20.00
G  -3.00 -6.00 10.00 8.00 -1.00 -10.00 -5.00 100.00 -8.00 -21.00 -16.00 -11.00 -10.00 -12.00 4.00 9.00 -13.00 -13.00 -18.00 -14.00
H  -10.00 0.00 8.00 10.00 3.00 -4.00 -8.00 -8.00 100.00 3.00 -9.00 -4.00 -8.00 -10.00 -2.00 -3.00 -7.00 -6.00 12.00 -10.00
I  -17.00 -25.00 -32.00 -39.00 12.00 -20.00 -36.00 -21.00 3.00 100.00 46.00 -17.00 18.00 32.00 -18.00 -17.00 -5.00 12.00 29.00 46.00
L  -6.00 -24.00 -35.00 -40.00 15.00 -26.00 -40.00 -16.00 -9.00 46.00 100.00 -33.00 24.00 36.00 -16.00 -11.00 -11.00 8.00 16.00 26.00
K  2.00 24.00 17.00 10.00 -14.00 26.00 24.00 -11.00 -4.00 -17.00 -33.00 100.00 -19.00 -26.00 -2.00 -10.00 -8.00 -10.00 -21.00 -14.00
M  -2.00 0.00 -12.00 -16.00 2.00 -12.00 -17.00 -10.00 -8.00 18.00 24.00 -19.00 100.00 20.00 -10.00 -10.00 -8.00 12.00 8.00 10.00
F  -8.00 -11.00 -23.00 -31.00 11.00 -22.00 -40.00 -12.00 -10.00 32.00 36.00 -26.00 20.00 100.00 -2.00 0.00 4.00 8.00 24.00 16.00
P  -2.00 -4.00 8.00 1.00 -3.00 0.00 -7.00 4.00 -2.00 -18.00 -16.00 -2.00 -10.00 -2.00 100.00 15.00 2.00 -9.00 -9.00 -18.00
S  10.00 -10.00 1.00 7.00 -6.00 -7.00 -10.00 9.00 -3.00 -17.00 -11.00 -10.00 -10.00 0.00 15.00 100.00 24.00 -18.00 -16.00 -16.00
T  -3.00 -5.00 12.00 11.00 -4.00 -10.00 -12.00 -13.00 -7.00 -5.00 -11.00 -8.00 -8.00 4.00 2.00 24.00 100.00 -8.00 -2.00 -4.00
W  -12.00 -7.00 -6.00 -20.00 8.00 -3.00 -10.00 -13.00 -6.00 12.00 8.00 -10.00 12.00 8.00 -9.00 -18.00 -8.00 100.00 6.00 14.00
Y  -18.00 0.00 -13.00 -22.00 5.00 -23.00 -28.00 -18.00 12.00 29.00 16.00 -21.00 8.00 24.00 -9.00 -16.00 -2.00 6.00 100.00 17.00
V  -12.00 -18.00 -30.00 -32.00 8.00 -12.00 -20.00 -14.00 -10.00 46.00 26.00 -14.00 10.00 16.00 -18.00 -16.00 -4.00 14.00 17.00 100.00
