# VOGG950101
   A R N D C Q E G H I L K M F P S T W Y V
A  7.60 4.60 4.90 4.90 5.70 5.00 5.20 5.70 4.40 4.40 4.00 4.80 4.50 2.90 5.50 6.30 5.80 1.60 3.00 5.30
R  4.60 9.90 5.50 4.90 3.00 6.70 5.60 4.20 5.80 2.80 3.00 7.90 3.50 2.00 4.30 5.00 5.00 3.60 3.40 3.20
N  4.90 5.50 9.00 7.40 3.40 5.90 6.10 5.60 6.40 2.40 2.20 6.00 3.00 2.10 4.30 6.10 5.70 1.60 3.80 3.00
D  4.90 4.90 7.40 9.90 2.00 6.10 7.90 5.30 5.60 1.40 1.20 5.70 2.20 0.70 4.50 5.70 5.20 0.00 2.40 2.30
C  5.70 3.00 3.40 2.00 16.70 2.80 2.20 3.20 3.90 4.10 3.70 2.40 4.30 4.40 2.10 5.30 4.70 4.20 4.70 5.20
Q  5.00 6.70 5.90 6.10 2.80 7.90 6.90 4.20 6.40 3.30 3.60 6.70 4.20 2.60 5.00 5.40 5.20 2.50 3.50 3.70
E  5.20 5.60 6.10 7.90 2.20 6.90 8.80 4.40 5.60 2.50 2.40 6.40 3.20 1.30 4.70 5.40 5.10 0.90 2.50 3.30
G  5.70 4.20 5.60 5.30 3.20 4.20 4.40 11.80 3.80 0.70 0.80 4.10 1.70 0.00 3.60 5.60 4.10 1.20 1.20 1.90
H  4.40 5.80 6.40 5.60 3.90 6.40 5.60 3.80 11.20 3.00 3.30 5.80 3.90 5.10 4.10 5.00 4.90 4.40 7.40 3.20
I  4.40 2.80 2.40 1.40 4.10 3.30 2.50 0.70 3.00 9.20 8.00 3.10 7.70 6.20 2.60 3.40 4.60 3.40 4.50 8.30
L  4.00 3.00 2.20 1.20 3.70 3.60 2.40 0.80 3.30 8.00 9.20 3.10 8.00 7.20 2.90 3.10 3.90 4.50 5.20 7.00
K  4.80 7.90 6.00 5.70 2.40 6.70 6.40 4.10 5.80 3.10 3.10 8.40 3.80 1.90 4.60 5.30 5.30 1.70 3.10 3.50
M  4.50 3.50 3.00 2.20 4.30 4.20 3.20 1.70 3.90 7.70 8.00 3.80 9.50 6.80 2.80 3.80 4.60 4.20 5.00 6.80
F  2.90 2.00 2.10 0.70 4.40 2.60 1.30 0.00 5.10 6.20 7.20 1.90 6.80 12.20 1.40 2.40 3.00 8.80 10.30 5.30
P  5.50 4.30 4.30 4.50 2.10 5.00 4.70 3.60 4.10 2.60 2.90 4.60 2.80 1.40 12.80 5.60 5.30 0.20 2.10 3.40
S  6.30 5.00 6.10 5.70 5.30 5.40 5.40 5.60 5.00 3.40 3.10 5.30 3.80 2.40 5.60 7.40 6.70 1.90 3.30 4.20
T  5.80 5.00 5.70 5.20 4.70 5.20 5.10 4.10 4.90 4.60 3.90 5.30 4.60 3.00 5.30 6.70 7.70 1.70 3.30 5.20
W  1.60 3.60 1.60 0.00 4.20 2.50 0.90 1.20 4.40 3.40 4.50 1.70 4.20 8.80 0.20 1.90 1.70 19.40 9.30 2.60
Y  3.00 3.40 3.80 2.40 4.70 3.50 2.50 1.20 7.40 4.50 5.20 3.10 5.00 10.30 2.10 3.30 3.30 9.30 13.00 4.10
V  5.30 3.20 3.00 2.30 5.20 3.70 3.30 1.90 3.20 8.30 7.00 3.50 6.80 5.30 3.40 4.20 5.20 2.60 4.10 8.60
