 A R N D C Q E G H I L K M F P S T W Y V 
A 2.5 -1.7 0.0 -0.6 -1.7 -1.7 -0.7 0.8 -2.1 0.1 -1.3 -1.9 -0.2 -3.2 1.1 1.4 1.7 -4.3 -4.0 0.7 
R -1.7 5.1 -0.1 -1.5 -0.4 2.5 -0.4 -0.1 1.8 -3.8 -3.2 4.3 -3.0 -4.9 -1.3 -0.9 -1.3 2.0 -2.6 -3.7 
N 0.0 -0.1 3.6 2.5 -1.6 0.1 1.1 -0.1 1.4 -2.5 -3.4 1.0 -2.5 -3.5 -1.1 1.2 0.5 -4.4 -0.9 -2.4 
D -0.6 -1.5 2.5 5.2 -3.7 0.6 4.4 0.8 0.1 -4.2 -5.3 -0.2 -4.3 -5.7 -2.8 -0.4 -1.2 -6.3 -2.3 -3.3 
C -1.7 -0.4 -1.6 -3.7 12.1 -3.2 -4.7 -1.3 -1.2 -3.6 -3.8 -2.8 -3.7 -0.1 -2.7 0.9 -1.5 1.6 2.6 -3.1 
Q -1.7 2.5 0.1 0.6 -3.2 5.3 2.1 -1.6 3.2 -3.8 -2.4 2.5 -3.1 -4.4 0.1 -1.4 -1.7 -2.6 -1.4 -3.5 
E -0.7 -0.4 1.1 4.4 -4.7 2.1 5.2 0.5 -0.2 -4.1 -5.0 0.9 -4.1 -6.7 -2.6 -1.2 -1.6 -5.6 -4.1 -3.0 
G 0.8 -0.1 -0.1 0.8 -1.3 -1.6 0.5 5.8 -2.1 -3.4 -4.6 -1.4 -3.7 -5.7 -1.7 0.8 -0.5 -1.7 -4.9 -2.3 
H -2.1 1.8 1.4 0.1 -1.2 3.2 -0.2 -2.1 6.1 -3.7 -2.2 0.9 -3.4 0.1 -0.4 -0.9 -1.7 -2.8 4.4 -3.8 
I 0.1 -3.8 -2.5 -4.2 -3.6 -3.8 -4.1 -3.4 -3.7 4.4 2.4 -3.8 4.0 0.0 -2.0 -1.2 0.7 -5.0 -3.3 3.9 
L -1.3 -3.2 -3.4 -5.3 -3.8 -2.4 -5.0 -4.6 -2.2 2.4 4.8 -4.1 2.9 2.4 -0.2 -1.5 -0.4 -3.0 -1.6 1.9 
K -1.9 4.3 1.0 -0.2 -2.8 2.5 0.9 -1.4 0.9 -3.8 -4.1 5.6 -2.9 -6.3 -2.3 -1.2 -1.1 -1.4 -4.0 -3.8 
M -0.2 -3.0 -2.5 -4.3 -3.7 -3.1 -4.1 -3.7 -3.4 4.0 2.9 -2.9 4.8 -0.1 -1.8 -1.3 0.6 -4.4 -3.6 3.3 
F -3.2 -4.9 -3.5 -5.7 -0.1 -4.4 -6.7 -5.7 0.1 0.0 2.4 -6.3 -0.1 8.3 -3.2 -1.8 -2.4 -1.6 5.6 -0.5 
P 1.1 -1.3 -1.1 -2.8 -2.7 0.1 -2.6 -1.7 -0.4 -2.0 -0.2 -2.3 -1.8 -3.2 6.5 1.4 0.6 -4.8 -3.8 -1.6 
S 1.4 -0.9 1.2 -0.4 0.9 -1.4 -1.2 0.8 -0.9 -1.2 -1.5 -1.2 -1.3 -1.8 1.4 2.1 1.5 -2.9 -1.8 -0.9 
T 1.7 -1.3 0.5 -1.2 -1.5 -1.7 -1.6 -0.5 -1.7 0.7 -0.4 -1.1 0.6 -2.4 0.6 1.5 2.4 -2.6 -3.4 0.6 
W -4.3 2.0 -4.4 -6.3 1.6 -2.6 -5.6 -1.7 -2.8 -5.0 -3.0 -1.4 -4.4 -1.6 -4.8 -2.9 -2.6 14.7 -0.3 -4.8 
Y -4.0 -2.6 -0.9 -2.3 2.6 -1.4 -4.1 -4.9 4.4 -3.3 -1.6 -4.0 -3.6 5.6 -3.8 -1.8 -3.4 -0.3 9.5 -3.8 
V 0.7 -3.7 -2.4 -3.3 -3.1 -3.5 -3.0 -2.3 -3.8 3.9 1.9 -3.8 3.3 -0.5 -1.6 -0.9 0.6 -4.8 -3.8 4.0 

