 A R N D C Q E G H I L K M F P S T W Y V 
A 1 -0.07 -0.14 -0.08 0.04 -0.01 0.08 0.11 -0.11 -0.10 0.20 -0.07 0.15 -0.25 -0.07 0.14 0.11 -0.25 -0.36 0.06 
R -0.07 1 0.12 -0.01 -0.20 0.57 0.34 -0.11 0.13 -0.29 -0.20 0.47 -0.17 -0.31 -0.17 -0.16 -0.32 -0.03 -0.03 -0.29 
N -0.14 0.12 1 0.56 -0.14 0.20 0.13 0.22 0.32 -0.37 -0.39 0.22 -0.11 -0.33 0.05 0.14 0.13 -0.39 -0.27 -0.46 
D -0.08 -0.01 0.56 1 -0.24 0.19 0.37 0.11 0.22 -0.54 -0.55 0.18 -0.25 -0.40 0.09 0.22 0.23 -0.41 -0.34 -0.48 
C 0.04 -0.20 -0.14 -0.24 1 -0.29 -0.51 0.25 0.18 0.26 0.23 -0.43 0.10 0.30 0.02 0.10 0.14 0.18 0.21 0.33 
Q -0.01 0.57 0.20 0.19 -0.29 1 0.51 -0.13 0.05 -0.43 -0.30 0.52 -0.18 -0.44 -0.03 -0.06 -0.15 -0.17 -0.28 -0.38 
E 0.08 0.34 0.13 0.37 -0.51 0.51 1 -0.23 -0.19 -0.51 -0.45 0.54 -0.14 -0.50 -0.11 -0.17 -0.27 -0.22 -0.32 -0.44 
G 0.11 -0.11 0.22 0.11 0.25 -0.13 -0.23 1 0.18 -0.22 -0.14 -0.23 -0.01 -0.09 0.25 0.29 -0.02 -0.08 -0.24 -0.12 
H -0.11 0.13 0.32 0.22 0.18 0.05 -0.19 0.18 1 -0.14 -0.12 -0.09 -0.19 -0.06 0.05 0.14 0.08 -0.11 0.08 -0.18 
I -0.10 -0.29 -0.37 -0.54 0.26 -0.43 -0.51 -0.22 -0.14 1 0.60 -0.40 0.36 0.60 -0.19 -0.27 0.00 0.36 0.43 0.70 
L 0.20 -0.20 -0.39 -0.55 0.23 -0.30 -0.45 -0.14 -0.12 0.60 1 -0.34 0.38 0.44 -0.20 -0.19 -0.04 0.22 0.17 0.49 
K -0.07 0.47 0.22 0.18 -0.43 0.52 0.54 -0.23 -0.09 -0.40 -0.34 1 -0.16 -0.41 -0.17 -0.24 -0.24 -0.22 -0.20 -0.36 
M 0.15 -0.17 -0.11 -0.25 0.10 -0.18 -0.14 -0.01 -0.19 0.36 0.38 -0.16 1 0.22 -0.17 -0.17 -0.02 0.16 0.07 0.23 
F -0.25 -0.31 -0.33 -0.40 0.30 -0.44 -0.50 -0.09 -0.06 0.60 0.44 -0.41 0.22 1 -0.12 -0.01 0.02 0.41 0.54 0.47 
P -0.07 -0.17 0.05 0.09 0.02 -0.03 -0.11 0.25 0.05 -0.19 -0.20 -0.17 -0.17 -0.12 1 0.27 0.20 -0.13 -0.23 -0.17 
S 0.14 -0.16 0.14 0.22 0.10 -0.06 -0.17 0.29 0.14 -0.27 -0.19 -0.24 -0.17 -0.01 0.27 1 0.45 -0.17 -0.21 -0.18 
T 0.11 -0.32 0.13 0.23 0.14 -0.15 -0.27 -0.02 0.08 0.00 -0.04 -0.24 -0.02 0.02 0.20 0.45 1 -0.12 -0.14 0.07 
W -0.25 -0.03 -0.39 -0.41 0.18 -0.17 -0.22 -0.08 -0.11 0.36 0.22 -0.22 0.16 0.41 -0.13 -0.17 -0.12 1 0.43 0.29 
Y -0.36 -0.03 -0.27 -0.34 0.21 -0.28 -0.32 -0.24 0.08 0.43 0.17 -0.20 0.07 0.54 -0.23 -0.21 -0.14 0.43 1 0.31 
V 0.06 -0.29 -0.46 -0.48 0.33 -0.38 -0.44 -0.12 -0.18 0.70 0.49 -0.36 0.23 0.47 -0.17 -0.18 0.07 0.29 0.31 1 

