 A R N D C Q E G H I L K M F P S T W Y V 
A 6.0 -1.6 -1.4 -1.6 -3.4 -0.6 -0.7 -0.5 -3.1 -2.2 -3.3 -0.9 -1.5 -3.2 -1.0 0.0 -0.8 -5.8 -4.0 -0.5 
R -1.6 10.0 -1.5 -3.4 -5.6 2.1 -0.2 -2.8 0.1 -5.4 -3.7 3.2 -4.2 -6.0 -3.6 -0.6 -1.4 -3.8 -2.1 -4.9 
N -1.4 -1.5 8.0 2.6 -7.6 -0.8 -0.7 -1.4 1.7 -4.7 -4.8 0.1 -3.7 -3.8 -2.4 1.0 0.1 -6.1 -1.3 -5.7 
D -1.6 -3.4 2.6 8.5 -9.7 -1.1 2.4 -2.1 -0.7 -4.8 -8.0 -1.5 -5.9 -7.0 -1.0 -0.2 -1.8 -6.0 -3.8 -5.2 
C -3.4 -5.6 -7.6 -9.7 16.1 -6.9 -6.9 -8.2 -8.2 -7.7 -8.7 -8.7 -4.4 -4.4 -8.9 -7.7 -6.0 -9.1 -7.7 -4.8 
Q -0.6 2.1 -0.8 -1.1 -6.9 9.0 2.4 -2.8 1.4 -7.0 -4.4 1.1 -0.6 -6.4 -3.6 -1.2 -0.4 -8.2 -5.1 -3.6 
E -0.7 -0.2 -0.7 2.4 -6.9 2.4 8.6 -2.5 -2.3 -4.8 -5.6 1.1 -2.8 -6.4 -1.5 -2.2 -0.5 -7.6 -3.7 -4.2 
G -0.5 -2.8 -1.4 -2.1 -8.2 -2.8 -2.5 8.0 -3.2 -5.5 -7.2 -3.5 -5.2 -8.6 -2.5 -1.3 -3.8 -6.3 -5.4 -5.6 
H -3.1 0.1 1.7 -0.7 -8.2 1.4 -2.3 -3.2 12.7 -5.1 -4.2 0.1 -2.3 -1.7 -4.3 -2.6 -3.0 -4.0 -0.4 -3.9 
I -2.2 -5.4 -4.7 -4.8 -7.7 -7.0 -4.8 -5.5 -5.1 8.1 2.6 -4.7 2.6 0.5 -5.7 -4.7 -3.2 -3.3 -2.5 3.9 
L -3.3 -3.7 -4.8 -8.0 -8.7 -4.4 -5.6 -7.2 -4.2 2.6 7.3 -3.4 4.4 1.8 -2.8 -5.2 -4.6 -1.0 -2.4 1.8 
K -0.9 3.2 0.1 -1.5 -8.7 1.1 1.1 -3.5 0.1 -4.7 -3.4 7.6 -1.9 -5.6 -0.6 -1.5 -0.2 -5.4 -3.7 -3.7 
M -1.5 -4.2 -3.7 -5.9 -4.4 -0.6 -2.8 -5.2 -2.3 2.6 4.4 -1.9 11.2 -0.6 -9.8 -4.8 -3.2 -0.9 -1.3 0.7 
F -3.2 -6.0 -3.8 -7.0 -4.4 -6.4 -6.4 -8.6 -1.7 0.5 1.8 -5.6 -0.6 10.4 -5.0 -4.8 -5.0 3.4 3.4 -1.3 
P -1.0 -3.6 -2.4 -1.0 -8.9 -3.6 -1.5 -2.5 -4.3 -5.7 -2.8 -0.6 -9.8 -5.0 10.3 -1.0 -2.0 -7.4 -7.0 -5.2 
S 0.0 -0.6 1.0 -0.2 -7.7 -1.2 -2.2 -1.3 -2.6 -4.7 -5.2 -1.5 -4.8 -4.8 -1.0 5.8 2.0 -6.2 -3.4 -4.3 
T -0.8 -1.4 0.1 -1.8 -6.0 -0.4 -0.5 -3.8 -3.0 -3.2 -4.6 -0.2 -3.2 -5.0 -2.0 2.0 6.8 -9.3 -2.7 -1.9 
W -5.8 -3.8 -6.1 -6.0 -9.1 -8.2 -7.6 -6.3 -4.0 -3.3 -1.0 -5.4 -0.9 3.4 -7.4 -6.2 -9.3 15.2 2.3 -4.9 
Y -4.0 -2.1 -1.3 -3.8 -7.7 -5.1 -3.7 -5.4 -0.4 -2.5 -2.4 -3.7 -1.3 3.4 -7.0 -3.4 -2.7 2.3 10.5 -1.8 
V -0.5 -4.9 -5.7 -5.2 -4.8 -3.6 -4.2 -5.6 -3.9 3.9 1.8 -3.7 0.7 -1.3 -5.2 -4.3 -1.9 -4.9 -1.8 7.0 

