 A R N D C Q E G H I L K M F P S T W Y V 
A 36 -9 -19 -20 6 -3 -10 4 -19 -5 -7 -10 -9 -19 -5 12 0 -29 -19 6 
R -9 56 4 -18 -29 12 3 -18 3 -28 -20 31 -10 -30 -18 -11 -8 -29 -15 -32 
N -19 4 59 18 -30 2 3 7 12 -32 -32 1 -19 -29 -17 10 0 -39 -19 -31 
D -20 -18 18 65 -30 2 20 -10 -7 -34 -43 -4 -30 -33 -7 4 -10 -40 -20 -31 
C 6 -29 -30 -30 99 -30 -39 -29 -29 -6 -6 -29 -8 -18 -30 -10 -7 -18 -18 -6 
Q -3 12 2 2 -30 46 19 -20 3 -30 -23 15 1 -29 -11 0 -7 -19 -9 -19 
E -10 3 3 20 -39 19 40 -23 2 -33 -31 14 -21 -32 -7 -1 -6 -29 -21 -28 
G 4 -18 7 -10 -29 -20 -23 67 -18 -41 -42 -18 -30 -32 -18 2 -17 -19 -29 -30 
H -19 3 12 -7 -29 3 2 -18 86 -28 -27 -7 -19 -8 -18 -9 -20 -18 20 -29 
I -5 -28 -32 -34 -6 -30 -33 -41 -28 35 28 -31 12 8 -30 -20 -8 -28 -8 35 
L -7 -20 -32 -43 -6 -23 -31 -42 -27 28 32 -21 24 17 -33 -22 -13 -15 -2 18 
K -10 31 1 -4 -29 15 14 -18 -7 -31 -21 37 -12 -29 -10 3 -8 -30 -17 -23 
M -9 -10 -19 -30 -8 1 -21 -30 -19 12 24 -12 51 2 -21 -10 -7 -8 -9 10 
F -19 -30 -29 -33 -18 -29 -32 -32 -8 8 17 -29 2 57 -39 -19 -18 14 37 0 
P -5 -18 -17 -7 -30 -11 -7 -18 -18 -30 -33 -10 -21 -39 74 -8 -11 -38 -28 -18 
S 12 -11 10 4 -10 0 -1 2 -9 -20 -22 3 -10 -19 -8 36 18 -29 -19 -22 
T 0 -8 0 -10 -7 -7 -6 -17 -20 -8 -13 -8 -7 -18 -11 18 48 -19 -17 6 
W -29 -29 -39 -40 -18 -19 -29 -19 -18 -28 -15 -30 -8 14 -38 -29 -19 110 22 -28 
Y -19 -15 -19 -20 -18 -9 -21 -29 20 -8 -2 -17 -9 37 -28 -19 -17 22 69 -9 
V 6 -32 -31 -31 -6 -19 -28 -30 -29 35 18 -23 10 0 -18 -22 6 -28 -9 38 

