 A R N D C Q E G H I L K M F P S T W Y V 
A 23.40 16.80 17.10 18.20 21.50 17.20 18.10 19.90 11.50 17.20 13.60 17.10 16.20 11.90 17.70 20.40 18.10 10.10 15.30 16.70 
R 16.80 29.50 17.10 18.20 14.40 19.60 18.70 16.10 13.70 14.30 12.20 21.90 15.50 10.10 15.70 17.50 20.60 9.94 13.80 14.40 
N 17.10 17.10 27.40 21.40 14.70 18.60 20.00 18.10 18.90 14.80 11.70 17.70 13.70 11.40 14.60 20.90 20.20 7.74 20.10 14.80 
D 18.20 18.20 21.40 25.90 14.00 22.20 22.80 18.70 17.20 13.70 12.50 18.20 15.50 9.04 19.40 19.10 19.00 9.08 14.90 15.10 
C 21.50 14.40 14.70 14.00 31.90 13.80 12.20 15.00 13.50 20.90 15.50 9.83 19.80 13.50 5.43 17.70 16.20 9.56 17.30 21.40 
Q 17.20 19.60 18.60 22.20 13.80 96.50 20.40 16.30 21.20 15.80 13.30 22.00 17.80 11.50 18.00 17.60 17.40 16.60 14.60 15.20 
E 18.10 18.70 20.00 22.80 12.20 20.40 26.50 19.30 15.70 14.90 11.40 19.20 15.20 9.24 19.10 17.70 18.80 15.30 12.70 15.10 
G 19.90 16.10 18.10 18.70 15.00 16.30 19.30 26.80 12.20 14.70 11.50 15.60 15.00 9.84 17.00 20.20 18.20 7.20 13.70 14.50 
H 11.50 13.70 18.90 17.20 13.50 21.20 15.70 12.20 30.80 12.40 9.07 15.50 11.40 10.70 11.70 13.80 14.80 0.00 19.40 12.90 
I 17.20 14.30 14.80 13.70 20.90 15.80 14.90 14.70 12.40 24.70 21.00 14.20 20.90 18.40 9.35 14.60 17.50 10.40 17.60 22.20 
L 13.60 12.20 11.70 12.50 15.50 13.30 11.40 11.50 9.07 21.00 24.80 12.10 22.40 20.60 7.28 12.20 14.30 14.70 17.90 18.90 
K 17.10 21.90 17.70 18.20 9.83 22.00 19.20 15.60 15.50 14.20 12.10 26.40 15.40 9.68 16.80 16.60 17.60 7.79 14.70 13.50 
M 16.20 15.50 13.70 15.50 19.80 17.80 15.20 15.00 11.40 20.90 22.40 15.40 25.90 20.20 11.60 14.70 16.90 18.50 20.00 19.10 
F 11.90 10.10 11.40 9.04 13.50 11.50 9.24 9.84 10.70 18.40 20.60 9.68 20.20 27.10 3.14 9.65 12.80 19.30 22.60 17.20 
P 17.70 15.70 14.60 19.40 5.43 18.00 19.10 17.00 11.70 9.35 7.28 16.80 11.60 3.14 32.20 17.90 14.90 9.85 6.99 11.10 
S 20.40 17.50 20.90 19.10 17.70 17.60 17.70 20.20 13.80 14.60 12.20 16.60 14.70 9.65 17.90 25.40 19.50 9.70 14.40 15.10 
T 18.10 20.60 20.20 19.00 16.20 17.40 18.80 18.20 14.80 17.50 14.30 17.60 16.90 12.80 14.90 19.50 26.10 17.20 17.70 17.90 
W 10.10 9.94 7.74 9.08 9.56 16.60 15.30 7.20 0.00 10.40 14.70 7.79 18.50 19.30 9.85 9.70 17.20 33.80 19.50 11.60 
Y 15.30 13.80 20.10 14.90 17.30 14.60 12.70 13.70 19.40 17.60 17.90 14.70 20.00 22.60 6.99 14.40 17.70 19.50 29.20 16.50 
V 16.70 14.40 14.80 15.10 21.40 15.20 15.10 14.50 12.90 22.20 18.90 13.50 19.10 17.20 11.10 15.10 17.90 11.60 16.50 25.00 

