 A R N D C Q E G H I L K M F P S T W Y V 
A 23 -1 1 0 4 1 0 2 -6 -6 -19 -6 -4 -23 1 3 2 -43 -19 -6 
R -1 19 5 3 1 5 4 3 2 -6 -10 9 -2 -22 2 4 2 -29 -8 -6 
N 1 5 13 7 1 5 5 6 5 -7 -14 3 -5 -22 3 5 4 -38 -7 -8 
D 0 3 7 28 -4 6 10 4 3 -12 -21 2 -9 -24 5 5 2 -35 -12 -9 
C 4 1 1 -4 51 1 -5 4 -5 5 -8 -6 3 -4 -2 7 6 -13 -8 3 
Q 1 5 5 6 1 11 7 3 4 -6 -14 4 -2 -19 5 4 3 -19 -8 -7 
E 0 4 5 10 -5 7 23 3 1 -10 -18 3 -7 -28 6 4 2 -38 -16 -8 
G 2 3 6 4 4 3 3 37 -1 -8 -19 -1 -6 -26 3 6 4 -46 -14 -9 
H -6 2 5 3 -5 4 1 -1 52 -9 -14 -2 -7 -13 -4 0 0 -17 4 -14 
I -6 -6 -7 -12 5 -6 -10 -8 -9 38 7 -12 12 3 -7 -5 1 -25 -11 13 
L -19 -10 -14 -21 -8 -14 -18 -19 -14 7 45 -21 8 4 -21 -15 -9 -22 -12 -4 
K -6 9 3 2 -6 4 3 -1 -2 -12 -21 34 -8 -34 -1 1 0 -43 -20 -13 
M -4 -2 -5 -9 3 -2 -7 -6 -7 12 8 -8 40 8 -8 -4 0 -11 -12 6 
F -23 -22 -22 -24 -4 -19 -28 -26 -13 3 4 -34 8 88 -28 -21 -19 19 33 -9 
P 1 2 3 5 -2 5 6 3 -4 -7 -21 -1 -8 -28 59 6 1 -46 -10 -7 
S 3 4 5 5 7 4 4 6 0 -5 -15 1 -4 -21 6 17 5 -41 -14 -4 
T 2 2 4 2 6 3 2 4 0 1 -9 0 0 -19 1 5 14 -25 -13 1 
W -43 -29 -38 -35 -13 -19 -38 -46 -17 -25 -22 -43 -11 19 -46 -41 -25 162 36 -18 
Y -19 -8 -7 -12 -8 -8 -16 -14 4 -11 -12 -20 -12 33 -10 -14 -13 36 97 -19 
V -6 -6 -8 -9 3 -7 -8 -9 -14 13 -4 -13 6 -9 -7 -4 1 -18 -19 40 

