 A R N D C Q E G H I L K M F P S T W Y V 
A 18 1 6 4 0 6 8 14 2 -8 -6 4 1 -12 4 12 6 -23 0 -7 
R 1 60 10 -1 -7 24 -1 -8 11 -14 -12 22 3 -10 -20 3 10 16 7 -11 
N 6 10 18 18 5 18 22 6 13 -14 -15 16 3 -6 -13 13 8 -11 13 -17 
D 4 -1 18 80 0 18 29 -4 24 -22 -27 30 5 -24 -26 17 2 -24 7 -30 
C 0 -7 5 0 66 7 -1 -10 -2 -29 -29 2 -23 -40 -8 -1 -11 -43 -9 -28 
Q 6 24 18 18 7 42 15 4 13 -14 -9 22 4 -16 -17 10 4 -14 9 -15 
E 8 -1 22 29 -1 15 59 13 16 -18 -21 10 5 -7 -19 13 9 -19 14 -24 
G 14 -8 6 -4 -10 4 13 48 -3 -9 -9 -2 4 -17 -14 16 8 -32 -9 -9 
H 2 11 13 24 -2 13 16 -3 18 -15 -15 14 3 6 -15 10 5 18 20 -19 
I -8 -14 -14 -22 -29 -14 -18 -9 -15 20 11 -13 3 -10 -9 -12 -7 -8 -16 11 
L -6 -12 -15 -27 -29 -9 -21 -9 -15 11 25 -11 2 -4 -3 -15 -11 -8 -12 9 
K 4 22 16 30 2 22 10 -2 14 -13 -11 35 6 -14 -16 11 7 -11 11 -12 
M 1 3 3 5 -23 4 5 4 3 3 2 6 35 -2 -16 -2 3 -15 2 -5 
F -12 -10 -6 -24 -40 -16 -7 -17 6 -10 -4 -14 -2 58 -9 -16 -17 3 16 -13 
P 4 -20 -13 -26 -8 -17 -19 -14 -15 -9 -3 -16 -16 -9 95 -4 -1 -32 -7 -9 
S 12 3 13 17 -1 10 13 16 10 -12 -15 11 -2 -16 -4 28 12 -21 3 -14 
T 6 10 8 2 -11 4 9 8 5 -7 -11 7 3 -17 -1 12 24 -7 1 -7 
W -23 16 -11 -24 -43 -14 -19 -32 18 -8 -8 -11 -15 3 -32 -21 -7 115 15 -15 
Y 0 7 13 7 -9 9 14 -9 20 -16 -12 11 2 16 -7 3 1 15 37 -18 
V -7 -11 -17 -30 -28 -15 -24 -9 -19 11 9 -12 -5 -13 -9 -14 -7 -15 -18 21 

