 A R N D C Q E G H I L K M F P S T W Y V 
A 12 5 5 6 1 6 7 5 -2 -1 -10 6 -6 -24 -5 9 8 -20 -4 0 
R 5 9 5 8 -10 6 8 -2 5 -4 -10 10 -6 -11 -12 6 6 2 3 -3 
N 5 5 6 8 -11 6 8 5 6 -3 -10 10 -8 -19 -11 8 6 -6 0 -3 
D 6 8 8 17 -14 8 12 6 5 -6 -16 13 -13 -25 -7 8 8 -16 0 -4 
C 1 -10 -11 -14 93 -5 -16 -36 -20 -17 -35 -22 -17 -36 -30 -11 1 0 -7 -12 
Q 6 6 6 8 -5 7 9 3 4 -4 -12 10 -5 -20 -7 8 8 -2 0 -3 
E 7 8 8 12 -16 9 15 8 -3 -5 -14 13 -12 -30 -7 9 10 -18 -3 -4 
G 5 -2 5 6 -36 3 8 52 -14 -20 -32 2 -32 -52 -11 7 0 -23 -16 -20 
H -2 5 6 5 -20 4 -3 -14 65 -10 -18 6 -5 -10 -23 -1 -5 -21 5 -6 
I -1 -4 -3 -6 -17 -4 -5 -20 -10 31 9 -5 18 -4 -28 -11 -1 -19 0 17 
L -10 -10 -10 -16 -35 -12 -14 -32 -18 9 37 -15 13 2 -36 -25 -18 -18 -2 8 
K 6 10 10 13 -22 10 13 2 6 -5 -15 31 -11 -30 -5 8 6 -21 -1 -4 
M -6 -6 -8 -13 -17 -5 -12 -32 -5 18 13 -11 61 2 -25 -18 -9 -20 1 12 
F -24 -11 -19 -25 -36 -20 -30 -52 -10 -4 2 -30 2 67 -28 -37 -37 11 21 -9 
P -5 -12 -11 -7 -30 -7 -7 -11 -23 -28 -36 -5 -25 -28 83 -9 -14 -47 -20 -20 
S 9 6 8 8 -11 8 9 7 -1 -11 -25 8 -18 -37 -9 36 10 -29 -6 -10 
T 8 6 6 8 1 8 10 0 -5 -1 -18 6 -9 -37 -14 10 35 -29 -8 -2 
W -20 2 -6 -16 0 -2 -18 -23 -21 -19 -18 -21 -20 11 -47 -29 -29 129 44 -8 
Y -4 3 0 0 -7 0 -3 -16 5 0 -2 -1 1 21 -20 -6 -8 44 26 -2 
V 0 -3 -3 -4 -12 -3 -4 -20 -6 17 8 -4 12 -9 -20 -10 -2 -8 -2 26 

