 A R N D C Q E G H I L K M F P S T W Y V 
A 23 -2 1 -1 -5 0 0 12 -4 -7 -7 -3 1 -9 5 7 4 -17 -5 -5 
R -2 40 4 2 -19 9 2 2 2 -9 -10 14 2 -11 -6 1 6 -5 -5 -7 
N 1 4 15 13 -5 7 8 0 13 -12 -13 7 -2 -9 2 6 2 -22 4 -12 
D -1 2 13 49 -16 9 17 1 17 -17 -22 8 -5 -21 -7 8 2 -32 -5 -18 
C -5 -19 -5 -16 97 -11 -21 -18 -12 -30 -34 -23 -28 -31 -12 -10 -18 -53 -19 -27 
Q 0 9 7 9 -11 31 11 4 8 -13 -12 12 -3 -12 -2 2 4 -26 -4 -11 
E 0 2 8 17 -21 11 31 6 5 -13 -14 10 -3 -13 -13 5 4 -29 -3 -12 
G 12 2 0 1 -18 4 6 54 -5 -11 -15 0 2 -15 -13 8 3 -33 -13 -12 
H -4 2 13 17 -12 8 5 -5 55 -15 -13 -1 -3 3 -10 3 -4 7 21 -18 
I -7 -9 -12 -17 -30 -13 -13 -11 -15 28 13 -14 8 -3 -1 -13 -7 -12 -15 11 
L -7 -10 -13 -22 -34 -12 -14 -15 -13 13 34 -13 8 1 -1 -15 -12 -15 -7 8 
K -3 14 7 8 -23 12 10 0 -1 -14 -13 34 -4 -14 -14 4 4 -15 -5 -10 
M 1 2 -2 -5 -28 -3 -3 2 -3 8 8 -4 25 -1 0 -3 2 -20 -3 2 
F -9 -11 -9 -21 -31 -12 -13 -15 3 -3 1 -14 -1 57 -4 -14 -13 16 20 -9 
P 5 -6 2 -7 -12 -2 -13 -13 -10 -1 -1 -14 0 -4 78 -4 -3 -28 -1 -4 
S 7 1 6 8 -10 2 5 8 3 -13 -15 4 -3 -14 -4 26 8 -19 -3 -10 
T 4 6 2 2 -18 4 4 3 -4 -7 -12 4 2 -13 -3 8 21 -20 -8 -4 
W -17 -5 -22 -32 -53 -26 -29 -33 7 -12 -15 -15 -20 16 -28 -19 -20 133 13 -17 
Y -5 -5 4 -5 -19 -4 -3 -13 21 -15 -7 -5 -3 20 -1 -3 -8 13 47 -15 
V -5 -7 -12 -18 -27 -11 -12 -12 -18 11 8 -10 2 -9 -4 -10 -4 -17 -15 23 

