 A R N D C Q E G H I L K M F P S T W Y V 
A 27 -3 -2 -4 -22 -3 -3 9 -11 -2 -7 -6 2 -4 6 5 3 -2 -10 -2 
R -3 32 0 0 -28 2 -1 6 -7 -2 -8 9 2 -9 -1 -4 2 -31 -13 -4 
N -2 0 18 9 6 1 0 -4 14 -8 -11 -1 -3 -8 5 0 -4 -30 -2 -9 
D -4 0 9 38 -26 3 10 3 12 -10 -21 -2 -7 -17 -2 0 -1 -40 -13 -13 
C -22 -28 6 -26 156 -29 -30 -33 -33 -26 -34 -32 -17 12 -22 6 -7 -34 -25 -11 
Q -3 2 1 3 -29 30 6 3 4 -7 -13 4 -5 -9 1 -6 2 -34 -14 -8 
E -3 -1 0 10 -30 6 25 4 -5 -7 -13 2 -5 -12 -10 -3 0 -35 -13 -8 
G 9 6 -4 3 -33 3 4 59 -4 -8 -21 -1 -2 -10 -10 0 -1 -33 -14 -14 
H -11 -7 14 12 -33 4 -5 -4 84 -13 -9 -19 -11 -3 -9 -11 -19 -36 18 -19 
I -2 -2 -8 -10 -26 -7 -7 -8 -13 29 16 -9 10 7 8 -10 -3 -25 -10 11 
L -7 -8 -11 -21 -34 -13 -13 -21 -9 16 42 -14 12 6 3 -15 -12 -29 -1 8 
K -6 9 -1 -2 -32 4 2 -1 -19 -9 -14 30 -5 -11 -12 -4 -1 -14 -14 -8 
M 2 2 -3 -7 -17 -5 -5 -2 -11 10 12 -5 7 2 6 -2 2 -21 -4 7 
F -4 -9 -8 -17 12 -9 -12 -10 -3 7 6 -11 2 47 2 -9 -8 32 24 -3 
P 6 -1 5 -2 -22 1 -10 -10 -9 8 3 -12 6 2 56 -4 -2 -25 3 1 
S 5 -4 0 0 6 -6 -3 0 -11 -10 -15 -4 -2 -9 -4 25 4 -13 -7 -7 
T 3 2 -4 -1 -7 2 0 -1 -19 -3 -12 -1 2 -8 -2 4 20 -31 -16 -1 
W -2 -31 -30 -40 -34 -34 -35 -33 -36 -25 -29 -14 -21 32 -25 -13 -31 150 11 -15 
Y -10 -13 -2 -13 -25 -14 -13 -14 18 -10 -1 -14 -4 24 3 -7 -16 11 56 -13 
V -2 -4 -9 -13 -11 -8 -8 -14 -19 11 8 -8 7 -3 1 -7 -1 -15 -13 24 

