 A R N D C Q E G H I L K M F P S T W Y V 
A 11 1 2 2 -5 3 3 -4 -3 -1 -3 1 -1 -16 0 4 3 -9 -5 2 
R 1 28 3 1 -9 7 3 -6 0 -6 -7 7 -2 -15 -8 2 0 2 -1 -4 
N 2 3 10 5 -9 4 3 -2 2 -4 -7 2 -3 -14 -7 4 3 -7 -2 -4 
D 2 1 5 27 -15 4 8 -5 -3 -9 -14 1 -9 -20 -8 3 -1 -13 -7 -7 
C -5 -9 -9 -15 108 -11 -15 -21 -23 -13 -10 -19 -7 -19 -30 -11 -6 -1 0 -8 
Q 3 7 4 4 -11 14 6 -6 2 -4 -6 6 -2 -18 -6 3 2 -13 -6 -3 
E 3 3 3 8 -15 6 15 -4 -2 -5 -8 5 -7 -22 -3 3 2 -17 -9 -3 
G -4 -6 -2 -5 -21 -6 -4 41 -12 -18 -22 -12 -15 -30 -17 -4 -10 -15 -16 -14 
H -3 0 2 -3 -23 2 -2 -12 55 -12 -10 -6 -4 -9 -12 -3 -5 -7 3 -9 
I -1 -6 -4 -9 -13 -4 -5 -18 -12 49 19 -11 22 5 -15 -8 -1 -5 -2 24 
L -3 -7 -7 -14 -10 -6 -8 -22 -10 19 48 -15 24 10 -16 -10 -9 -5 0 14 
K 1 7 2 1 -19 6 5 -12 -6 -11 -15 38 -10 -29 -8 1 -2 -21 -12 -9 
M -1 -2 -3 -9 -7 -2 -7 -15 -4 22 24 -10 52 11 -15 -7 -4 4 3 15 
F -16 -15 -14 -20 -19 -18 -22 -30 -9 5 10 -29 11 83 -26 -19 -19 10 22 -2 
P 0 -8 -7 -8 -30 -6 -3 -17 -12 -15 -16 -8 -15 -26 58 -3 -7 -16 -16 -11 
S 4 2 4 3 -11 3 3 -4 -3 -8 -10 1 -7 -19 -3 19 5 -11 -5 -6 
T 3 0 3 -1 -6 2 2 -10 -5 -1 -9 -2 -4 -19 -7 5 31 -18 -9 -2 
W -9 2 -7 -13 -1 -13 -17 -15 -7 -5 -5 -21 4 10 -16 -11 -18 129 35 -3 
Y -5 -1 -2 -7 0 -6 -9 -16 3 -2 0 -12 3 22 -16 -5 -9 35 59 -3 
V 2 -4 -4 -7 -8 -3 -3 -14 -9 24 14 -9 15 -2 -11 -6 -2 -3 -3 37 

