 A R N D C Q E G H I L K M F P S T W Y V 
A 24 -2 -1 -2 2 -1 -2 1 -5 -5 -18 -10 -3 -20 -2 1 1 -20 -21 -5 
R -2 18 2 0 2 2 -1 2 0 -3 -7 5 0 -18 -2 2 2 -8 -10 -3 
N -1 2 16 4 1 2 1 4 3 -6 -12 -2 -5 -18 -2 4 3 -18 -10 -6 
D -2 0 4 23 -1 3 6 2 1 -9 -18 -4 -7 -18 1 3 1 -12 -14 -4 
C 2 2 1 -1 9 2 -3 4 0 4 -3 -4 4 4 -1 5 4 16 -7 5 
Q -1 2 2 3 2 13 3 2 2 -4 -13 -1 0 -13 1 2 2 -3 -12 -5 
E -2 -1 1 6 -3 3 24 1 -1 -10 -16 -4 -5 -24 -1 1 0 -16 -21 -6 
G 1 2 4 2 4 2 1 29 0 -5 -15 -4 -5 -21 0 5 3 -21 -14 -5 
H -5 0 3 1 0 2 -1 0 43 -4 -12 -6 -5 -9 -7 0 1 7 -1 -8 
I -5 -3 -6 -9 4 -4 -10 -5 -4 41 13 -11 17 10 -8 -4 3 -14 -14 18 
L -18 -7 -12 -18 -3 -13 -16 -15 -12 13 54 -21 13 12 -24 -12 -6 -3 -13 -1 
K -10 5 -2 -4 -4 -1 -4 -4 -6 -11 -21 32 -7 -30 -8 -3 -3 -31 -25 -11 
M -3 0 -5 -7 4 0 -5 -5 -5 17 13 -7 44 13 -10 -3 2 -14 -19 7 
F -20 -18 -18 -18 4 -13 -24 -21 -9 10 12 -30 13 99 -32 -18 -16 36 40 -11 
P -2 -2 -2 1 -1 1 -1 0 -7 -8 -24 -8 -10 -32 67 1 -3 -29 -17 -6 
S 1 2 4 3 5 2 1 5 0 -4 -12 -3 -3 -18 1 17 4 -19 -16 -2 
T 1 2 3 1 4 2 0 3 1 3 -6 -3 2 -16 -3 4 16 -2 -15 3 
W -20 -8 -18 -12 16 -3 -16 -21 7 -14 -3 -31 -14 36 -29 -19 -2 170 47 -9 
Y -21 -10 -10 -14 -7 -12 -21 -14 -1 -14 -13 -25 -19 40 -17 -16 -15 47 105 -18 
V -5 -3 -6 -4 5 -5 -6 -5 -8 18 -1 -11 7 -11 -6 -2 3 -9 -18 44 

