 A R N D C Q E G H I L K M F P S T W Y V 
A 11 0 2 1 -5 2 3 -5 -4 1 1 -1 1 -13 1 4 3 -6 -6 3 
R 0 32 2 -2 -6 6 2 -7 -1 -4 -4 6 0 -14 -9 1 -1 3 -3 -3 
N 2 2 11 4 -7 3 2 -4 2 -3 -4 -1 -1 -11 -8 3 2 -6 -4 -3 
D 1 -2 4 29 -13 2 6 -7 -5 -7 -10 -2 -7 -15 -9 2 -2 -10 -10 -7 
C -5 -6 -7 -13 109 -10 -12 -15 -23 -13 -1 -16 -3 -12 -28 -10 -7 -3 3 -7 
Q 2 6 3 2 -10 16 5 -8 2 -3 -2 5 0 -15 -6 2 1 -13 -9 -2 
E 3 2 2 6 -12 5 15 -6 -3 -3 -4 3 -4 -18 -3 2 1 -14 -10 -2 
G -5 -7 -4 -7 -15 -8 -6 39 -13 -16 -17 -15 -11 -24 -19 -6 -12 -12 -16 -12 
H -4 -1 2 -5 -23 2 -3 -13 54 -10 -6 -8 -3 -6 -12 -4 -5 -3 2 -9 
I 1 -4 -3 -7 -13 -3 -3 -16 -10 50 19 -10 20 7 -11 -5 0 1 -3 24 
L 1 -4 -4 -10 -1 -2 -4 -17 -6 19 45 -11 24 11 -10 -5 -4 1 2 13 
K -1 6 -1 -2 -16 5 3 -15 -8 -10 -11 39 -8 -26 -9 -1 -3 -19 -16 -9 
M 1 0 -1 -7 -3 0 -4 -11 -3 20 24 -8 40 13 -11 -4 -2 9 4 14 
F -13 -14 -11 -15 -12 -15 -18 -24 -6 7 11 -26 13 85 -24 -14 -13 10 22 0 
P 1 -9 -8 -9 -28 -6 -3 -19 -12 -11 -10 -9 -11 -24 55 -3 -6 -11 -17 -8 
S 4 1 3 2 -10 2 2 -6 -4 -5 -5 -1 -4 -14 -3 17 4 -7 -6 -4 
T 3 -1 2 -2 -7 1 1 -12 -5 0 -4 -3 -2 -13 -6 4 30 -14 -9 -1 
W -6 3 -6 -10 -3 -13 -14 -12 -3 1 1 -19 9 10 -11 -7 -14 124 29 -1 
Y -6 -3 -4 -10 3 -9 -10 -16 2 -3 2 -16 4 22 -17 -6 -9 29 64 -2 
V 3 -3 -3 -7 -7 -2 -2 -12 -9 24 13 -9 14 0 -8 -4 -1 -1 -2 39 

