 A R N D C Q E G H I L K M F P S T W Y V 
A 1.00 0.11 -0.31 0.07 -0.38 0.36 0.74 -0.41 -0.20 -0.26 0.54 0.60 0.43 -0.19 0.11 -0.40 -0.63 -0.11 -0.63 -0.25 
R 0.11 1.00 -0.12 -0.08 -0.20 0.10 0.11 -0.21 0.19 0.06 0.03 0.21 -0.09 0.20 -0.21 -0.13 -0.12 0.03 -0.01 -0.04 
N -0.31 -0.12 1.00 0.35 0.04 -0.16 -0.27 0.40 0.04 -0.07 -0.24 -0.22 -0.13 -0.12 -0.10 0.06 0.01 -0.24 0.05 -0.16 
D 0.07 -0.08 0.35 1.00 -0.10 0.13 0.09 0.08 0.00 -0.29 0.01 0.14 -0.08 -0.35 0.01 0.03 -0.19 -0.22 -0.22 -0.25 
C -0.38 -0.20 0.04 -0.10 1.00 -0.16 -0.36 0.13 -0.01 -0.16 -0.29 -0.31 -0.29 -0.07 0.14 0.35 0.15 -0.02 0.29 -0.10 
Q 0.36 0.10 -0.16 0.13 -0.16 1.00 0.42 -0.32 0.12 -0.15 0.35 0.23 0.22 -0.26 -0.18 -0.22 -0.22 -0.18 -0.32 -0.04 
E 0.74 0.11 -0.27 0.09 -0.36 0.42 1.00 -0.46 -0.14 -0.13 0.62 0.58 0.38 -0.27 0.07 -0.43 -0.54 -0.12 -0.62 -0.09 
G -0.41 -0.21 0.40 0.08 0.13 -0.32 -0.46 1.00 0.09 -0.24 -0.56 -0.38 -0.30 -0.05 0.09 0.28 0.11 -0.11 0.20 -0.25 
H -0.20 0.19 0.04 0.00 -0.01 0.12 -0.14 0.09 1.00 0.00 -0.13 -0.26 -0.06 0.20 -0.34 -0.02 0.09 -0.02 0.14 -0.13 
I -0.26 0.06 -0.07 -0.29 -0.16 -0.15 -0.13 -0.24 0.00 1.00 0.27 -0.18 0.18 0.32 -0.55 -0.37 0.32 0.04 0.15 0.72 
L 0.54 0.03 -0.24 0.01 -0.29 0.35 0.62 -0.56 -0.13 0.27 1.00 0.36 0.47 -0.08 -0.26 -0.66 -0.36 -0.15 -0.48 0.25 
K 0.60 0.21 -0.22 0.14 -0.31 0.23 0.58 -0.38 -0.26 -0.18 0.36 1.00 0.09 -0.18 0.04 -0.21 -0.38 0.02 -0.48 -0.16 
M 0.43 -0.09 -0.13 -0.08 -0.29 0.22 0.38 -0.30 -0.06 0.18 0.47 0.09 1.00 -0.01 -0.32 -0.53 -0.35 -0.19 -0.33 0.11 
F -0.19 0.20 -0.12 -0.35 -0.07 -0.26 -0.27 -0.05 0.20 0.32 -0.08 -0.18 -0.01 1.00 -0.31 -0.13 0.21 0.18 0.29 0.16 
P 0.11 -0.21 -0.10 0.01 0.14 -0.18 0.07 0.09 -0.34 -0.55 -0.26 0.04 -0.32 -0.31 1.00 0.35 -0.21 -0.02 -0.15 -0.44 
S -0.40 -0.13 0.06 0.03 0.35 -0.22 -0.43 0.28 -0.02 -0.37 -0.66 -0.21 -0.53 -0.13 0.35 1.00 0.36 0.07 0.36 -0.27 
T -0.63 -0.12 0.01 -0.19 0.15 -0.22 -0.54 0.11 0.09 0.32 -0.36 -0.38 -0.35 0.21 -0.21 0.36 1.00 0.12 0.52 0.38 
W -0.11 0.03 -0.24 -0.22 -0.02 -0.18 -0.12 -0.11 -0.02 0.04 -0.15 0.02 -0.19 0.18 -0.02 0.07 0.12 1.00 0.11 -0.02 
Y -0.63 -0.01 0.05 -0.22 0.29 -0.32 -0.62 0.20 0.14 0.15 -0.48 -0.48 -0.33 0.29 -0.15 0.36 0.52 0.11 1.00 0.17 
V -0.25 -0.04 -0.16 -0.25 -0.10 -0.04 -0.09 -0.25 -0.13 0.72 0.25 -0.16 0.11 0.16 -0.44 -0.27 0.38 -0.02 0.17 1.00 

