 A R N D C Q E G H I L K M F P S T W Y V 
A 100 -2 -8 3 4 0 12 -3 -10 -17 -6 2 -2 -8 -2 10 -3 -12 -18 -12 
R -2 100 11 2 -12 26 11 -6 0 -25 -24 24 0 -11 -4 -10 -5 -7 0 -18 
N -8 11 100 32 -7 12 13 10 8 -32 -35 17 -12 -23 8 1 12 -6 -13 -30 
D 3 2 32 100 -20 8 34 8 10 -39 -40 10 -16 -31 1 7 11 -20 -22 -32 
C 4 -12 -7 -20 100 -8 -18 -1 3 12 15 -14 2 11 -3 -6 -4 8 5 8 
Q 0 26 12 8 -8 100 37 -10 -4 -20 -26 26 -12 -22 0 -7 -10 -3 -23 -12 
E 12 11 13 34 -18 37 100 -5 -8 -36 -40 24 -17 -40 -7 -10 -12 -10 -28 -20 
G -3 -6 10 8 -1 -10 -5 100 -8 -21 -16 -11 -10 -12 4 9 -13 -13 -18 -14 
H -10 0 8 10 3 -4 -8 -8 100 3 -9 -4 -8 -10 -2 -3 -7 -6 12 -10 
I -17 -25 -32 -39 12 -20 -36 -21 3 100 46 -17 18 32 -18 -17 -5 12 29 46 
L -6 -24 -35 -40 15 -26 -40 -16 -9 46 100 -33 24 36 -16 -11 -11 8 16 26 
K 2 24 17 10 -14 26 24 -11 -4 -17 -33 100 -19 -26 -2 -10 -8 -10 -21 -14 
M -2 0 -12 -16 2 -12 -17 -10 -8 18 24 -19 100 20 -10 -10 -8 12 8 10 
F -8 -11 -23 -31 11 -22 -40 -12 -10 32 36 -26 20 100 -2 0 4 8 24 16 
P -2 -4 8 1 -3 0 -7 4 -2 -18 -16 -2 -10 -2 100 15 2 -9 -9 -18 
S 10 -10 1 7 -6 -7 -10 9 -3 -17 -11 -10 -10 0 15 100 24 -18 -16 -16 
T -3 -5 12 11 -4 -10 -12 -13 -7 -5 -11 -8 -8 4 2 24 100 -8 -2 -4 
W -12 -7 -6 -20 8 -3 -10 -13 -6 12 8 -10 12 8 -9 -18 -8 100 6 14 
Y -18 0 -13 -22 5 -23 -28 -18 12 29 16 -21 8 24 -9 -16 -2 6 100 17 
V -12 -18 -30 -32 8 -12 -20 -14 -10 46 26 -14 10 16 -18 -16 -4 14 17 100 

