 A R N D C Q E G H I L K M F P S T W Y V 
A 7.6 4.6 4.9 4.9 5.7 5.0 5.2 5.7 4.4 4.4 4.0 4.8 4.5 2.9 5.5 6.3 5.8 1.6 3.0 5.3 
R 4.6 9.9 5.5 4.9 3.0 6.7 5.6 4.2 5.8 2.8 3.0 7.9 3.5 2.0 4.3 5.0 5.0 3.6 3.4 3.2 
N 4.9 5.5 9.0 7.4 3.4 5.9 6.1 5.6 6.4 2.4 2.2 6.0 3.0 2.1 4.3 6.1 5.7 1.6 3.8 3.0 
D 4.9 4.9 7.4 9.9 2.0 6.1 7.9 5.3 5.6 1.4 1.2 5.7 2.2 0.7 4.5 5.7 5.2 0.0 2.4 2.3 
C 5.7 3.0 3.4 2.0 16.7 2.8 2.2 3.2 3.9 4.1 3.7 2.4 4.3 4.4 2.1 5.3 4.7 4.2 4.7 5.2 
Q 5.0 6.7 5.9 6.1 2.8 7.9 6.9 4.2 6.4 3.3 3.6 6.7 4.2 2.6 5.0 5.4 5.2 2.5 3.5 3.7 
E 5.2 5.6 6.1 7.9 2.2 6.9 8.8 4.4 5.6 2.5 2.4 6.4 3.2 1.3 4.7 5.4 5.1 0.9 2.5 3.3 
G 5.7 4.2 5.6 5.3 3.2 4.2 4.4 11.8 3.8 0.7 0.8 4.1 1.7 0.0 3.6 5.6 4.1 1.2 1.2 1.9 
H 4.4 5.8 6.4 5.6 3.9 6.4 5.6 3.8 11.2 3.0 3.3 5.8 3.9 5.1 4.1 5.0 4.9 4.4 7.4 3.2 
I 4.4 2.8 2.4 1.4 4.1 3.3 2.5 0.7 3.0 9.2 8.0 3.1 7.7 6.2 2.6 3.4 4.6 3.4 4.5 8.3 
L 4.0 3.0 2.2 1.2 3.7 3.6 2.4 0.8 3.3 8.0 9.2 3.1 8.0 7.2 2.9 3.1 3.9 4.5 5.2 7.0 
K 4.8 7.9 6.0 5.7 2.4 6.7 6.4 4.1 5.8 3.1 3.1 8.4 3.8 1.9 4.6 5.3 5.3 1.7 3.1 3.5 
M 4.5 3.5 3.0 2.2 4.3 4.2 3.2 1.7 3.9 7.7 8.0 3.8 9.5 6.8 2.8 3.8 4.6 4.2 5.0 6.8 
F 2.9 2.0 2.1 0.7 4.4 2.6 1.3 0.0 5.1 6.2 7.2 1.9 6.8 12.2 1.4 2.4 3.0 8.8 10.3 5.3 
P 5.5 4.3 4.3 4.5 2.1 5.0 4.7 3.6 4.1 2.6 2.9 4.6 2.8 1.4 12.8 5.6 5.3 0.2 2.1 3.4 
S 6.3 5.0 6.1 5.7 5.3 5.4 5.4 5.6 5.0 3.4 3.1 5.3 3.8 2.4 5.6 7.4 6.7 1.9 3.3 4.2 
T 5.8 5.0 5.7 5.2 4.7 5.2 5.1 4.1 4.9 4.6 3.9 5.3 4.6 3.0 5.3 6.7 7.7 1.7 3.3 5.2 
W 1.6 3.6 1.6 0.0 4.2 2.5 0.9 1.2 4.4 3.4 4.5 1.7 4.2 8.8 0.2 1.9 1.7 19.4 9.3 2.6 
Y 3.0 3.4 3.8 2.4 4.7 3.5 2.5 1.2 7.4 4.5 5.2 3.1 5.0 10.3 2.1 3.3 3.3 9.3 13.0 4.1 
V 5.3 3.2 3.0 2.3 5.2 3.7 3.3 1.9 3.2 8.3 7.0 3.5 6.8 5.3 3.4 4.2 5.2 2.6 4.1 8.6 

